-----------------Task1---------------------------------------------------------------------------------------------------------------------------
52 12 40 17 43 11 25 6  69 63 22 5  54 50 62 51 48 61 33 49 20 59 19 26 55 46 3  13 57 41 39 68 36 44 60 9  16 65 18 14 67 38 32 28 37 8  34 35 31 1  45 29 15 21 56 2  0  64 10 53 4  47 30 7  66 27 23 58 42 24 
38 44 20 40 16 67 13 43 59 9  3  7  48 54 25 31 27 18 58 28 35 15 42 29 2  41 17 60 11 33 4  46 12 14 37 63 61 21 52 57 53 55 66 32 51 68 34 1  6  10 50 65 23 56 5  62 30 69 22 36 49 0  64 47 8  45 26 19 39 24 
52 12 40 17 43 11 25 6  69 63 22 5  54 50 62 51 48 61 33 49 20 59 19 26 55 46 3  13 57 41 39 68 36 44 60 9  16 65 18 14 67 38 32 28 37 8  34 35 31 1  45 29 15 21 56 2  0  64 10 53 4  47 30 7  66 27 23 58 42 24 
38 44 20 40 16 67 13 43 59 9  3  7  48 54 25 31 27 18 58 28 35 15 42 29 2  41 17 60 11 33 4  46 12 14 37 63 61 21 52 57 53 55 66 32 51 68 34 1  6  10 50 65 23 56 5  62 30 69 22 36 49 0  64 47 8  45 26 19 39 24 
52 12 40 17 43 11 25 6  69 63 22 5  54 50 62 51 48 61 33 49 20 59 19 26 55 46 3  13 57 41 39 68 36 44 60 9  16 65 18 14 67 38 32 28 37 8  34 35 31 1  45 29 15 21 56 2  0  64 10 53 4  47 30 7  66 27 23 58 42 24 
38 44 20 40 16 67 13 43 59 9  3  7  48 54 25 31 27 18 58 28 35 15 42 29 2  41 17 60 11 33 4  46 12 14 37 63 61 21 52 57 53 55 66 32 51 68 34 1  6  10 50 65 23 56 5  62 30 69 22 36 49 0  64 47 8  45 26 19 39 24 
52 12 40 17 43 11 25 6  69 63 22 5  54 50 62 51 48 61 33 49 20 59 19 26 55 46 3  13 57 41 39 68 36 44 60 9  16 65 18 14 67 38 32 28 37 8  34 35 31 1  45 29 15 21 56 2  0  64 10 53 4  47 30 7  66 27 23 58 42 24 
38 44 20 40 16 67 13 43 59 9  3  7  48 54 25 31 27 18 58 28 35 15 42 29 2  41 17 60 11 33 4  46 12 14 37 63 61 21 52 57 53 55 66 32 51 68 34 1  6  10 50 65 23 56 5  62 30 69 22 36 49 0  64 47 8  45 26 19 39 24 
52 12 40 17 43 11 25 6  69 63 22 5  54 50 62 51 48 61 33 49 20 59 19 26 55 46 3  13 57 41 39 68 36 44 60 9  16 65 18 14 67 38 32 28 37 8  34 35 31 1  45 29 15 21 56 2  0  64 10 53 4  47 30 7  66 27 23 58 42 24 
38 44 20 40 16 67 13 43 59 9  3  7  48 54 25 31 27 18 58 28 35 15 42 29 2  41 17 60 11 33 4  46 12 14 37 63 61 21 52 57 53 55 66 32 51 68 34 1  6  10 50 65 23 56 5  62 30 69 22 36 49 0  64 47 8  45 26 19 39 24 
24 12 40 17 43 11 25 6  69 63 22 5  54 50 62 51 48 61 33 49 20 59 19 26 55 46 3  13 57 41 39 68 36 44 60 9  16 65 18 14 67 38 32 28 37 8  34 35 31 1  45 29 15 21 56 2  0  64 10 53 4  47 30 7  66 27 23 58 52 42 
38 44 20 40 16 67 13 43 59 9  3  7  48 54 25 31 27 18 58 28 35 15 42 29 2  41 17 60 11 33 4  46 12 14 37 63 61 21 52 57 53 55 66 32 51 68 34 1  6  10 50 65 23 56 5  62 30 69 22 36 49 0  64 47 8  45 26 19 39 24 
24 12 40 17 43 11 25 6  69 63 22 5  54 50 62 51 48 61 33 49 20 59 19 26 55 46 3  13 57 41 39 68 36 44 60 9  16 65 18 14 67 38 32 28 37 8  34 35 31 1  45 29 15 21 56 2  0  64 10 53 4  47 30 7  66 27 23 58 52 42 
38 44 20 40 16 67 13 43 59 9  3  7  48 54 25 31 27 18 58 28 35 15 42 29 2  41 17 60 11 33 4  46 12 14 37 63 61 21 52 57 53 55 66 32 51 68 34 1  6  10 50 65 23 56 5  62 30 69 22 36 49 0  64 47 8  45 26 19 39 24 
24 12 40 17 43 11 25 6  69 63 22 5  54 50 62 51 48 61 33 49 20 59 19 26 55 46 3  13 57 41 39 68 36 44 60 9  16 65 18 14 67 38 32 28 37 8  34 35 31 1  45 29 15 21 56 2  0  64 10 53 4  47 30 7  66 27 23 58 52 42 
38 44 20 40 16 67 13 43 59 9  3  7  48 54 25 31 27 18 58 28 35 15 42 29 2  41 17 60 11 33 4  46 12 14 37 63 61 21 52 57 53 55 66 32 51 68 34 1  6  10 50 65 23 56 5  62 30 69 22 36 49 0  64 47 8  45 26 19 39 24 
52 12 40 17 43 11 25 6  69 63 22 5  54 50 62 51 48 61 33 49 20 59 19 26 55 46 3  13 57 41 39 68 36 44 60 9  16 65 18 14 67 38 32 28 37 8  34 35 31 1  45 29 15 21 56 2  0  64 10 53 4  47 30 7  66 27 23 58 42 24 
38 44 20 40 16 67 13 43 59 9  3  7  48 54 25 31 27 18 58 28 35 15 42 29 2  41 17 60 11 33 4  46 12 14 37 63 61 21 52 57 53 55 66 32 51 68 34 1  6  10 50 65 23 56 5  62 30 69 22 36 49 0  64 47 8  45 26 19 39 24 
24 12 40 17 43 11 25 6  69 63 22 5  54 50 62 51 48 61 33 49 20 59 19 26 55 46 3  13 57 41 39 68 36 44 60 9  16 65 18 14 67 38 32 28 37 8  34 35 31 1  45 29 15 21 56 2  0  64 10 53 4  47 30 7  66 27 23 58 52 42 
38 44 20 40 16 67 13 43 59 9  3  7  48 54 25 31 27 18 58 28 35 15 42 29 2  41 17 60 11 33 4  46 12 14 37 63 61 21 52 57 53 55 66 32 51 68 34 1  6  10 50 65 23 56 5  62 30 69 22 36 49 0  64 47 8  45 26 19 39 24 
52 12 40 17 43 11 25 6  69 63 22 5  54 50 62 51 48 61 33 49 20 59 19 26 55 46 3  13 57 41 39 68 36 44 60 9  16 65 18 14 67 38 32 28 37 8  34 35 31 1  45 29 15 21 56 2  0  64 10 53 4  47 30 7  66 27 23 58 42 24 
38 44 20 40 16 67 13 43 59 9  3  7  48 54 25 31 27 18 58 28 35 15 42 29 2  41 17 60 11 33 4  46 12 14 37 63 61 21 52 57 53 55 66 32 51 68 34 1  6  10 50 65 23 56 5  62 30 69 22 36 49 0  64 47 8  45 26 19 39 24 
52 12 40 17 43 11 25 6  69 63 22 5  54 50 62 51 48 61 33 49 20 59 19 26 55 46 3  13 57 41 39 68 36 44 60 9  16 65 18 14 67 38 32 28 37 8  34 35 31 1  45 29 15 21 56 2  0  64 10 53 4  47 30 7  66 27 23 58 42 24 
38 44 20 40 16 67 13 43 59 9  3  7  48 54 25 31 27 18 58 28 35 15 42 29 2  41 17 60 11 33 4  46 12 14 37 63 61 21 52 57 53 55 66 32 51 68 34 1  6  10 50 65 23 56 5  62 30 69 22 36 49 0  64 47 8  45 26 19 39 24 
24 12 40 17 43 11 25 6  69 63 22 5  54 50 62 51 48 61 33 49 20 59 19 26 55 46 3  13 57 41 39 68 36 44 60 9  16 65 18 14 67 38 32 28 37 8  34 35 31 1  45 29 15 21 56 2  0  64 10 53 4  47 30 7  66 27 23 58 52 42 
38 44 20 40 16 67 13 43 59 9  3  7  48 54 25 31 27 18 58 28 35 15 42 29 2  41 17 60 11 33 4  46 12 14 37 63 61 21 52 57 53 55 66 32 51 68 34 1  6  10 50 65 23 56 5  62 30 69 22 36 49 0  64 47 8  45 26 19 39 24 
24 12 40 17 43 11 25 6  69 63 22 5  54 50 62 51 48 61 33 49 20 59 19 26 55 46 3  13 57 41 39 68 36 44 60 9  16 65 18 14 67 38 32 28 37 8  34 35 31 1  45 29 15 21 56 2  0  64 10 53 4  47 30 7  66 27 23 58 52 42 
38 44 20 40 16 67 13 43 59 9  3  7  48 54 25 31 27 18 58 28 35 15 42 29 2  41 17 60 11 33 4  46 12 14 37 63 61 21 52 57 53 55 66 32 51 68 34 1  6  10 50 65 23 56 5  62 30 69 22 36 49 0  64 47 8  45 26 19 39 24 
24 12 40 17 43 11 25 6  69 63 22 5  54 50 62 51 48 61 33 49 20 59 19 26 55 46 3  13 57 41 39 68 36 44 60 9  16 65 18 14 67 38 32 28 37 8  34 35 31 1  45 29 15 21 56 2  0  64 10 53 4  47 30 7  66 27 23 58 52 42 
38 44 20 40 16 67 13 43 59 9  3  7  48 54 25 31 27 18 58 28 35 15 42 29 2  41 17 60 11 33 4  46 12 14 37 63 61 21 52 57 53 55 66 32 51 68 34 1  6  10 50 65 23 56 5  62 30 69 22 36 49 0  64 47 8  45 26 19 39 24 
52 12 40 17 43 11 25 6  69 63 22 5  54 50 62 51 48 61 33 49 20 59 19 26 55 46 3  13 57 41 39 68 36 44 60 9  16 65 18 14 67 38 32 28 37 8  34 35 31 1  45 29 15 21 56 2  0  64 10 53 4  47 30 7  66 27 23 58 42 24 
38 44 20 40 16 67 13 43 59 9  3  7  48 54 25 31 27 18 58 28 35 15 42 29 2  41 17 60 11 33 4  46 12 14 37 63 61 21 52 57 53 55 66 32 51 68 34 1  6  10 50 65 23 56 5  62 30 69 22 36 49 0  64 47 8  45 26 19 39 24 
24 12 40 17 43 11 25 6  69 63 22 5  54 50 62 51 48 61 33 49 20 59 19 26 55 46 3  13 57 41 39 68 36 44 60 9  16 65 18 14 67 38 32 28 37 8  34 35 31 1  45 29 15 21 56 2  0  64 10 53 4  47 30 7  66 27 23 58 52 42 
38 44 20 40 16 67 13 43 59 9  3  7  48 54 25 31 27 18 58 28 35 15 42 29 2  41 17 60 11 33 4  46 12 14 37 63 61 21 52 57 53 55 66 32 51 68 34 1  6  10 50 65 23 56 5  62 30 69 22 36 49 0  64 47 8  45 26 19 39 24 
52 12 40 17 43 11 25 6  69 63 22 5  54 50 62 51 48 61 33 49 20 59 19 26 55 46 3  13 57 41 39 68 36 44 60 9  16 65 18 14 67 38 32 28 37 8  34 35 31 1  45 29 15 21 56 2  0  64 10 53 4  47 30 7  66 27 23 58 42 24 
38 44 20 40 16 67 13 43 59 9  3  7  48 54 25 31 27 18 58 28 35 15 42 29 2  41 17 60 11 33 4  46 12 14 37 63 61 21 52 57 53 55 66 32 51 68 34 1  6  10 50 65 23 56 5  62 30 69 22 36 49 0  64 47 8  45 26 19 39 24 
52 12 40 17 43 11 25 6  69 63 22 5  54 50 62 51 48 61 33 49 20 59 19 26 55 46 3  13 57 41 39 68 36 44 60 9  16 65 18 14 67 38 32 28 37 8  34 35 31 1  45 29 15 21 56 2  0  64 10 53 4  47 30 7  66 27 23 58 42 24 
38 44 20 40 16 67 13 43 59 9  3  7  48 54 25 31 27 18 58 28 35 15 42 29 2  41 17 60 11 33 4  46 12 14 37 63 61 21 52 57 53 55 66 32 51 68 34 1  6  10 50 65 23 56 5  62 30 69 22 36 49 0  64 47 8  45 26 19 39 24 
52 12 40 17 43 11 25 6  69 63 22 5  54 50 62 51 48 61 33 49 20 59 19 26 55 46 3  13 57 41 39 68 36 44 60 9  16 65 18 14 67 38 32 28 37 8  34 35 31 1  45 29 15 21 56 2  0  64 10 53 4  47 30 7  66 27 23 58 42 24 
38 44 20 40 16 67 13 43 59 9  3  7  48 54 25 31 27 18 58 28 35 15 42 29 2  41 17 60 11 33 4  46 12 14 37 63 61 21 52 57 53 55 66 32 51 68 34 1  6  10 50 65 23 56 5  62 30 69 22 36 49 0  64 47 8  45 26 19 39 24 
52 12 40 17 43 11 25 6  69 63 22 5  54 50 62 51 48 61 33 49 20 59 19 26 55 46 3  13 57 41 39 68 36 44 60 9  16 65 18 14 67 38 32 28 37 8  34 35 31 1  45 29 15 21 56 2  0  64 10 53 4  47 30 7  66 27 23 58 42 24 
38 44 20 40 16 67 13 43 59 9  3  7  48 54 25 31 27 18 58 28 35 15 42 29 2  41 17 60 11 33 4  46 12 14 37 63 61 21 52 57 53 55 66 32 51 68 34 1  6  10 50 65 23 56 5  62 30 69 22 36 49 0  64 47 8  45 26 19 39 24 
52 12 40 17 43 11 25 6  69 63 22 5  54 50 62 51 48 61 33 49 20 59 19 26 55 46 3  13 57 41 39 68 36 44 60 9  16 65 18 14 67 38 32 28 37 8  34 35 31 1  45 29 15 21 56 2  0  64 10 53 4  47 30 7  66 27 23 58 42 24 
38 44 20 40 16 67 13 43 59 9  3  7  48 54 25 31 27 18 58 28 35 15 42 29 2  41 17 60 11 33 4  46 12 14 37 63 61 21 52 57 53 55 66 32 51 68 34 1  6  10 50 65 23 56 5  62 30 69 22 36 49 0  64 47 8  45 26 19 39 24 
52 12 40 17 43 11 25 6  69 63 22 5  54 50 62 51 48 61 33 49 20 59 19 26 55 46 3  13 57 41 39 68 36 44 60 9  16 65 18 14 67 38 32 28 37 8  34 35 31 1  45 29 15 21 56 2  0  64 10 53 4  47 30 7  66 27 23 58 42 24 
38 44 20 40 16 67 13 43 59 9  3  7  48 54 25 31 27 18 58 28 35 15 42 29 2  41 17 60 11 33 4  46 12 14 37 63 61 21 52 57 53 55 66 32 51 68 34 1  6  10 50 65 23 56 5  62 30 69 22 36 49 0  64 47 8  45 26 19 39 24 
52 12 40 17 43 11 25 6  69 63 22 5  54 50 62 51 48 61 33 49 20 59 19 26 55 46 3  13 57 41 39 68 36 44 60 9  16 65 18 14 67 38 32 28 37 8  34 35 31 1  45 29 15 21 56 2  0  64 10 53 4  47 30 7  66 27 23 58 42 24 
38 44 20 40 16 67 13 43 59 9  3  7  48 54 25 31 27 18 58 28 35 15 42 29 2  41 17 60 11 33 4  46 12 14 37 63 61 21 52 57 53 55 66 32 51 68 34 1  6  10 50 65 23 56 5  62 30 69 22 36 49 0  64 47 8  45 26 19 39 24 
52 12 40 17 43 11 25 6  69 63 22 5  54 50 62 51 48 61 33 49 20 59 19 26 55 46 3  13 57 41 39 68 36 44 60 9  16 65 18 14 67 38 32 28 37 8  34 35 31 1  45 29 15 21 56 2  0  64 10 53 4  47 30 7  66 27 23 58 42 24 
38 44 20 40 16 67 13 43 59 9  3  7  48 54 25 31 27 18 58 28 35 15 42 29 2  41 17 60 11 33 4  46 12 14 37 63 61 21 52 57 53 55 66 32 51 68 34 1  6  10 50 65 23 56 5  62 30 69 22 36 49 0  64 47 8  45 26 19 39 24 
52 12 40 17 43 11 25 6  69 63 22 5  54 50 62 51 48 61 33 49 20 59 19 26 55 46 3  13 57 41 39 68 36 44 60 9  16 65 18 14 67 38 32 28 37 8  34 35 31 1  45 29 15 21 56 2  0  64 10 53 4  47 30 7  66 27 23 58 42 24 
38 44 20 40 16 67 13 43 59 9  3  7  48 54 25 31 27 18 58 28 35 15 42 29 2  41 17 60 11 33 4  46 12 14 37 63 61 21 52 57 53 55 66 32 51 68 34 1  6  10 50 65 23 56 5  62 30 69 22 36 49 0  64 47 8  45 26 19 39 24 
52 12 40 17 43 11 25 6  69 63 22 5  54 50 62 51 48 61 33 49 20 59 19 26 55 46 3  13 57 41 39 68 36 44 60 9  16 65 18 14 67 38 32 28 37 8  34 35 31 1  45 29 15 21 56 2  0  64 10 53 4  47 30 7  66 27 23 58 42 24 
38 44 20 40 16 67 13 43 59 9  3  7  48 54 25 31 27 18 58 28 35 15 42 29 2  41 17 60 11 33 4  46 12 14 37 63 61 21 52 57 53 55 66 32 51 68 34 1  6  10 50 65 23 56 5  62 30 69 22 36 49 0  64 47 8  45 26 19 39 24 
24 12 40 17 43 11 25 6  69 63 22 5  54 50 62 51 48 61 33 49 20 59 19 26 55 46 3  13 57 41 39 68 36 44 60 9  16 65 18 14 67 38 32 28 37 8  34 35 31 1  45 29 15 21 56 2  0  64 10 53 4  47 30 7  66 27 23 58 52 42 
38 44 20 40 16 67 13 43 59 9  3  7  48 54 25 31 27 18 58 28 35 15 42 29 2  41 17 60 11 33 4  46 12 14 37 63 61 21 52 57 53 55 66 32 51 68 34 1  6  10 50 65 23 56 5  62 30 69 22 36 49 0  64 47 8  45 26 19 39 24 
52 12 40 17 43 11 25 6  69 63 22 5  54 50 62 51 48 61 33 49 20 59 19 26 55 46 3  13 57 41 39 68 36 44 60 9  16 65 18 14 67 38 32 28 37 8  34 35 31 1  45 29 15 21 56 2  0  64 10 53 4  47 30 7  66 27 23 58 42 24 
38 44 20 40 16 67 13 43 59 9  3  7  48 54 25 31 27 18 58 28 35 15 42 29 2  41 17 60 11 33 4  46 12 14 37 63 61 21 52 57 53 55 66 32 51 68 34 1  6  10 50 65 23 56 5  62 30 69 22 36 49 0  64 47 8  45 26 19 39 24 
52 12 40 17 43 11 25 6  69 63 22 5  54 50 62 51 48 61 33 49 20 59 19 26 55 46 3  13 57 41 39 68 36 44 60 9  16 65 18 14 67 38 32 28 37 8  34 35 31 1  45 29 15 21 56 2  0  64 10 53 4  47 30 7  66 27 23 58 42 24 
38 44 20 40 16 67 13 43 59 9  3  7  48 54 25 31 27 18 58 28 35 15 42 29 2  41 17 60 11 33 4  46 12 14 37 63 61 21 52 57 53 55 66 32 51 68 34 1  6  10 50 65 23 56 5  62 30 69 22 36 49 0  64 47 8  45 26 19 39 24 
52 12 40 17 43 11 25 6  69 63 22 5  54 50 62 51 48 61 33 49 20 59 19 26 55 46 3  13 57 41 39 68 36 44 60 9  16 65 18 14 67 38 32 28 37 8  34 35 31 1  45 29 15 21 56 2  0  64 10 53 4  47 30 7  66 27 23 58 42 24 
38 44 20 40 16 67 13 43 59 9  3  7  48 54 25 31 27 18 58 28 35 15 42 29 2  41 17 60 11 33 4  46 12 14 37 63 61 21 52 57 53 55 66 32 51 68 34 1  6  10 50 65 23 56 5  62 30 69 22 36 49 0  64 47 8  45 26 19 39 24 
24 12 40 17 43 11 25 6  69 63 22 5  54 50 62 51 48 61 33 49 20 59 19 26 55 46 3  13 57 41 39 68 36 44 60 9  16 65 18 14 67 38 32 28 37 8  34 35 31 1  45 29 15 21 56 2  0  64 10 53 4  47 30 7  66 27 23 58 52 42 
38 44 20 40 16 67 13 43 59 9  3  7  48 54 25 31 27 18 58 28 35 15 42 29 2  41 17 60 11 33 4  46 12 14 37 63 61 21 52 57 53 55 66 32 51 68 34 1  6  10 50 65 23 56 5  62 30 69 22 36 49 0  64 47 8  45 26 19 39 24 
52 12 40 17 43 11 25 6  69 63 22 5  54 50 62 51 48 61 33 49 20 59 19 26 55 46 3  13 57 41 39 68 36 44 60 9  16 65 18 14 67 38 32 28 37 8  34 35 31 1  45 29 15 21 56 2  0  64 10 53 4  47 30 7  66 27 23 58 42 24 
38 44 20 40 16 67 13 43 59 9  3  7  48 54 25 31 27 18 58 28 35 15 42 29 2  41 17 60 11 33 4  46 12 14 37 63 61 21 52 57 53 55 66 32 51 68 34 1  6  10 50 65 23 56 5  62 30 69 22 36 49 0  64 47 8  45 26 19 39 24 
52 12 40 17 43 11 25 6  69 63 22 5  54 50 62 51 48 61 33 49 20 59 19 26 55 46 3  13 57 41 39 68 36 44 60 9  16 65 18 14 67 38 32 28 37 8  34 35 31 1  45 29 15 21 56 2  0  64 10 53 4  47 30 7  66 27 23 58 42 24 
38 44 20 40 16 67 13 43 59 9  3  7  48 54 25 31 27 18 58 28 35 15 42 29 2  41 17 60 11 33 4  46 12 14 37 63 61 21 52 57 53 55 66 32 51 68 34 1  6  10 50 65 23 56 5  62 30 69 22 36 49 0  64 47 8  45 26 19 39 24 
52 12 40 17 43 11 25 6  69 63 22 5  54 50 62 51 48 61 33 49 20 59 19 26 55 46 3  13 57 41 39 68 36 44 60 9  16 65 18 14 67 38 32 28 37 8  34 35 31 1  45 29 15 21 56 2  0  64 10 53 4  47 30 7  66 27 23 58 42 24 
38 44 20 40 16 67 13 43 59 9  3  7  48 54 25 31 27 18 58 28 35 15 42 29 2  41 17 60 11 33 4  46 12 14 37 63 61 21 52 57 53 55 66 32 51 68 34 1  6  10 50 65 23 56 5  62 30 69 22 36 49 0  64 47 8  45 26 19 39 24 
52 12 40 17 43 11 25 6  69 63 22 5  54 50 62 51 48 61 33 49 20 59 19 26 55 46 3  13 57 41 39 68 36 44 60 9  16 65 18 14 67 38 32 28 37 8  34 35 31 1  45 29 15 21 56 2  0  64 10 53 4  47 30 7  66 27 23 58 42 24 
38 44 20 40 16 67 13 43 59 9  3  7  48 54 25 31 27 18 58 28 35 15 42 29 2  41 17 60 11 33 4  46 12 14 37 63 61 21 52 57 53 55 66 32 51 68 34 1  6  10 50 65 23 56 5  62 30 69 22 36 49 0  64 47 8  45 26 19 39 24 
52 12 40 17 43 11 25 6  69 63 22 5  54 50 62 51 48 61 33 49 20 59 19 26 55 46 3  13 57 41 39 68 36 44 60 9  16 65 18 14 67 38 32 28 37 8  34 35 31 1  45 29 15 21 56 2  0  64 10 53 4  47 30 7  66 27 23 58 42 24 
38 44 20 40 16 67 13 43 59 9  3  7  48 54 25 31 27 18 58 28 35 15 42 29 2  41 17 60 11 33 4  46 12 14 37 63 61 21 52 57 53 55 66 32 51 68 34 1  6  10 50 65 23 56 5  62 30 69 22 36 49 0  64 47 8  45 26 19 39 24 
24 12 40 17 43 11 25 6  69 63 22 5  54 50 62 51 48 61 33 49 20 59 19 26 55 46 3  13 57 41 39 68 36 44 60 9  16 65 18 14 67 38 32 28 37 8  34 35 31 1  45 29 15 21 56 2  0  64 10 53 4  47 30 7  66 27 23 58 52 42 
38 44 20 40 16 67 13 43 59 9  3  7  48 54 25 31 27 18 58 28 35 15 42 29 2  41 17 60 11 33 4  46 12 14 37 63 61 21 52 57 53 55 66 32 51 68 34 1  6  10 50 65 23 56 5  62 30 69 22 36 49 0  64 47 8  45 26 19 39 24 
52 12 40 17 43 11 25 6  69 63 22 5  54 50 62 51 48 61 33 49 20 59 19 26 55 46 3  13 57 41 39 68 36 44 60 9  16 65 18 14 67 38 32 28 37 8  34 35 31 1  45 29 15 21 56 2  0  64 10 53 4  47 30 7  66 27 23 58 42 24 
38 44 20 40 16 67 13 43 59 9  3  7  48 54 25 31 27 18 58 28 35 15 42 29 2  41 17 60 11 33 4  46 12 14 37 63 61 21 52 57 53 55 66 32 51 68 34 1  6  10 50 65 23 56 5  62 30 69 22 36 49 0  64 47 8  45 26 19 39 24 
52 12 40 17 43 11 25 6  69 63 22 5  54 50 62 51 48 61 33 49 20 59 19 26 55 46 3  13 57 41 39 68 36 44 60 9  16 65 18 14 67 38 32 28 37 8  34 35 31 1  45 29 15 21 56 2  0  64 10 53 4  47 30 7  66 27 23 58 42 24 
38 44 20 40 16 67 13 43 59 9  3  7  48 54 25 31 27 18 58 28 35 15 42 29 2  41 17 60 11 33 4  46 12 14 37 63 61 21 52 57 53 55 66 32 51 68 34 1  6  10 50 65 23 56 5  62 30 69 22 36 49 0  64 47 8  45 26 19 39 24 
52 12 40 17 43 11 25 6  69 63 22 5  54 50 62 51 48 61 33 49 20 59 19 26 55 46 3  13 57 41 39 68 36 44 60 9  16 65 18 14 67 38 32 28 37 8  34 35 31 1  45 29 15 21 56 2  0  64 10 53 4  47 30 7  66 27 23 58 42 24 
38 44 20 40 16 67 13 43 59 9  3  7  48 54 25 31 27 18 58 28 35 15 42 29 2  41 17 60 11 33 4  46 12 14 37 63 61 21 52 57 53 55 66 32 51 68 34 1  6  10 50 65 23 56 5  62 30 69 22 36 49 0  64 47 8  45 26 19 39 24 
24 12 40 17 43 11 25 6  69 63 22 5  54 50 62 51 48 61 33 49 20 59 19 26 55 46 3  13 57 41 39 68 36 44 60 9  16 65 18 14 67 38 32 28 37 8  34 35 31 1  45 29 15 21 56 2  0  64 10 53 4  47 30 7  66 27 23 58 52 42 
38 44 20 40 16 67 13 43 59 9  3  7  48 54 25 31 27 18 58 28 35 15 42 29 2  41 17 60 11 33 4  46 12 14 37 63 61 21 52 57 53 55 66 32 51 68 34 1  6  10 50 65 23 56 5  62 30 69 22 36 49 0  64 47 8  45 26 19 39 24 
52 12 40 17 43 11 25 6  69 63 22 5  54 50 62 51 48 61 33 49 20 59 19 26 55 46 3  13 57 41 39 68 36 44 60 9  16 65 18 14 67 38 32 28 37 8  34 35 31 1  45 29 15 21 56 2  0  64 10 53 4  47 30 7  66 27 23 58 42 24 
38 44 20 40 16 67 13 43 59 9  3  7  48 54 25 31 27 18 58 28 35 15 42 29 2  41 17 60 11 33 4  46 12 14 37 63 61 21 52 57 53 55 66 32 51 68 34 1  6  10 50 65 23 56 5  62 30 69 22 36 49 0  64 47 8  45 26 19 39 24 
52 12 40 17 43 11 25 6  69 63 22 5  54 50 62 51 48 61 33 49 20 59 19 26 55 46 3  13 57 41 39 68 36 44 60 9  16 65 18 14 67 38 32 28 37 8  34 35 31 1  45 29 15 21 56 2  0  64 10 53 4  47 30 7  66 27 23 58 42 24 
38 44 20 40 16 67 13 43 59 9  3  7  48 54 25 31 27 18 58 28 35 15 42 29 2  41 17 60 11 33 4  46 12 14 37 63 61 21 52 57 53 55 66 32 51 68 34 1  6  10 50 65 23 56 5  62 30 69 22 36 49 0  64 47 8  45 26 19 39 24 
52 12 40 17 43 11 25 6  69 63 22 5  54 50 62 51 48 61 33 49 20 59 19 26 55 46 3  13 57 41 39 68 36 44 60 9  16 65 18 14 67 38 32 28 37 8  34 35 31 1  45 29 15 21 56 2  0  64 10 53 4  47 30 7  66 27 23 58 42 24 
38 44 20 40 16 67 13 43 59 9  3  7  48 54 25 31 27 18 58 28 35 15 42 29 2  41 17 60 11 33 4  46 12 14 37 63 61 21 52 57 53 55 66 32 51 68 34 1  6  10 50 65 23 56 5  62 30 69 22 36 49 0  64 47 8  45 26 19 39 24 
52 12 40 17 43 11 25 6  69 63 22 5  54 50 62 51 48 61 33 49 20 59 19 26 55 46 3  13 57 41 39 68 36 44 60 9  16 65 18 14 67 38 32 28 37 8  34 35 31 1  45 29 15 21 56 2  0  64 10 53 4  47 30 7  66 27 23 58 42 24 
38 44 20 40 16 67 13 43 59 9  3  7  48 54 25 31 27 18 58 28 35 15 42 29 2  41 17 60 11 33 4  46 12 14 37 63 61 21 52 57 53 55 66 32 51 68 34 1  6  10 50 65 23 56 5  62 30 69 22 36 49 0  64 47 8  45 26 19 39 24 
52 12 40 17 43 11 25 6  69 63 22 5  54 50 62 51 48 61 33 49 20 59 19 26 55 46 3  13 57 41 39 68 36 44 60 9  16 65 18 14 67 38 32 28 37 8  34 35 31 1  45 29 15 21 56 2  0  64 10 53 4  47 30 7  66 27 23 58 42 24 
38 44 20 40 16 67 13 43 59 9  3  7  48 54 25 31 27 18 58 28 35 15 42 29 2  41 17 60 11 33 4  46 12 14 37 63 61 21 52 57 53 55 66 32 51 68 34 1  6  10 50 65 23 56 5  62 30 69 22 36 49 0  64 47 8  45 26 19 39 24 
52 12 40 17 43 11 25 6  69 63 22 5  54 50 62 51 48 61 33 49 20 59 19 26 55 46 3  13 57 41 39 68 36 44 60 9  16 65 18 14 67 38 32 28 37 8  34 35 31 1  45 29 15 21 56 2  0  64 10 53 4  47 30 7  66 27 23 58 42 24 
38 44 20 40 16 67 13 43 59 9  3  7  48 54 25 31 27 18 58 28 35 15 42 29 2  41 17 60 11 33 4  46 12 14 37 63 61 21 52 57 53 55 66 32 51 68 34 1  6  10 50 65 23 56 5  62 30 69 22 36 49 0  64 47 8  45 26 19 39 24 
52 12 40 17 43 11 25 6  69 63 22 5  54 50 62 51 48 61 33 49 20 59 19 26 55 46 3  13 57 41 39 68 36 44 60 9  16 65 18 14 67 38 32 28 37 8  34 35 31 1  45 29 15 21 56 2  0  64 10 53 4  47 30 7  66 27 23 58 42 24 
38 44 20 40 16 67 13 43 59 9  3  7  48 54 25 31 27 18 58 28 35 15 42 29 2  41 17 60 11 33 4  46 12 14 37 63 61 21 52 57 53 55 66 32 51 68 34 1  6  10 50 65 23 56 5  62 30 69 22 36 49 0  64 47 8  45 26 19 39 24 
24 12 40 17 43 11 25 6  69 63 22 5  54 50 62 51 48 61 33 49 20 59 19 26 55 46 3  13 57 41 39 68 36 44 60 9  16 65 18 14 67 38 32 28 37 8  34 35 31 1  45 29 15 21 56 2  0  64 10 53 4  47 30 7  66 27 23 58 52 42 
38 44 20 40 16 67 13 43 59 9  3  7  48 54 25 31 27 18 58 28 35 15 42 29 2  41 17 60 11 33 4  46 12 14 37 63 61 21 52 57 53 55 66 32 51 68 34 1  6  10 50 65 23 56 5  62 30 69 22 36 49 0  64 47 8  45 26 19 39 24 
-----------------Task2---------------------------------------------------------------------------------------------------------------------------
12 40 17 43 11 25 6  22 5  50 48 33 49 20 19 26 46 3  13 41 39 36 44 9  16 18 14 38 32 28 37 8  34 35 31 1  45 29 15 21 2  0  10 4  47 30 7  27 23 42 24 
38 44 20 40 16 13 43 9  3  7  48 25 31 27 18 28 35 15 42 29 2  41 17 11 33 4  46 12 14 37 21 32 34 1  6  10 50 23 5  30 22 36 49 0  47 8  45 26 19 39 24 
12 40 17 43 11 25 6  22 5  50 48 33 49 20 19 26 46 3  13 41 39 36 44 9  16 18 14 38 32 28 37 8  34 35 31 1  45 29 15 21 2  0  10 4  47 30 7  27 23 42 24 
38 44 20 40 16 13 43 9  3  7  48 25 31 27 18 28 35 15 42 29 2  41 17 11 33 4  46 12 14 37 21 32 34 1  6  10 50 23 5  30 22 36 49 0  47 8  45 26 19 39 24 
12 40 17 43 11 25 6  22 5  50 48 33 49 20 19 26 46 3  13 41 39 36 44 9  16 18 14 38 32 28 37 8  34 35 31 1  45 29 15 21 2  0  10 4  47 30 7  27 23 42 24 
38 44 20 40 16 13 43 9  3  7  48 25 31 27 18 28 35 15 42 29 2  41 17 11 33 4  46 12 14 37 21 32 34 1  6  10 50 23 5  30 22 36 49 0  47 8  45 26 19 39 24 
12 40 17 43 11 25 6  22 5  50 48 33 49 20 19 26 46 3  13 41 39 36 44 9  16 18 14 38 32 28 37 8  34 35 31 1  45 29 15 21 2  0  10 4  47 30 7  27 23 42 24 
38 44 20 40 16 13 43 9  3  7  48 25 31 27 18 28 35 15 42 29 2  41 17 11 33 4  46 12 14 37 21 32 34 1  6  10 50 23 5  30 22 36 49 0  47 8  45 26 19 39 24 
12 40 17 43 11 25 6  22 5  50 48 33 49 20 19 26 46 3  13 41 39 36 44 9  16 18 14 38 32 28 37 8  34 35 31 1  45 29 15 21 2  0  10 4  47 30 7  27 23 42 24 
38 44 20 40 16 13 43 9  3  7  48 25 31 27 18 28 35 15 42 29 2  41 17 11 33 4  46 12 14 37 21 32 34 1  6  10 50 23 5  30 22 36 49 0  47 8  45 26 19 39 24 
24 12 40 17 43 11 25 6  22 5  50 48 33 49 20 19 26 46 3  13 41 39 36 44 9  16 18 14 38 32 28 37 8  34 35 31 1  45 29 15 21 2  0  10 4  47 30 7  27 23 42 
38 44 20 40 16 13 43 9  3  7  48 25 31 27 18 28 35 15 42 29 2  41 17 11 33 4  46 12 14 37 21 32 34 1  6  10 50 23 5  30 22 36 49 0  47 8  45 26 19 39 24 
24 12 40 17 43 11 25 6  22 5  50 48 33 49 20 19 26 46 3  13 41 39 36 44 9  16 18 14 38 32 28 37 8  34 35 31 1  45 29 15 21 2  0  10 4  47 30 7  27 23 42 
38 44 20 40 16 13 43 9  3  7  48 25 31 27 18 28 35 15 42 29 2  41 17 11 33 4  46 12 14 37 21 32 34 1  6  10 50 23 5  30 22 36 49 0  47 8  45 26 19 39 24 
24 12 40 17 43 11 25 6  22 5  50 48 33 49 20 19 26 46 3  13 41 39 36 44 9  16 18 14 38 32 28 37 8  34 35 31 1  45 29 15 21 2  0  10 4  47 30 7  27 23 42 
38 44 20 40 16 13 43 9  3  7  48 25 31 27 18 28 35 15 42 29 2  41 17 11 33 4  46 12 14 37 21 32 34 1  6  10 50 23 5  30 22 36 49 0  47 8  45 26 19 39 24 
12 40 17 43 11 25 6  22 5  50 48 33 49 20 19 26 46 3  13 41 39 36 44 9  16 18 14 38 32 28 37 8  34 35 31 1  45 29 15 21 2  0  10 4  47 30 7  27 23 42 24 
38 44 20 40 16 13 43 9  3  7  48 25 31 27 18 28 35 15 42 29 2  41 17 11 33 4  46 12 14 37 21 32 34 1  6  10 50 23 5  30 22 36 49 0  47 8  45 26 19 39 24 
24 12 40 17 43 11 25 6  22 5  50 48 33 49 20 19 26 46 3  13 41 39 36 44 9  16 18 14 38 32 28 37 8  34 35 31 1  45 29 15 21 2  0  10 4  47 30 7  27 23 42 
38 44 20 40 16 13 43 9  3  7  48 25 31 27 18 28 35 15 42 29 2  41 17 11 33 4  46 12 14 37 21 32 34 1  6  10 50 23 5  30 22 36 49 0  47 8  45 26 19 39 24 
12 40 17 43 11 25 6  22 5  50 48 33 49 20 19 26 46 3  13 41 39 36 44 9  16 18 14 38 32 28 37 8  34 35 31 1  45 29 15 21 2  0  10 4  47 30 7  27 23 42 24 
38 44 20 40 16 13 43 9  3  7  48 25 31 27 18 28 35 15 42 29 2  41 17 11 33 4  46 12 14 37 21 32 34 1  6  10 50 23 5  30 22 36 49 0  47 8  45 26 19 39 24 
12 40 17 43 11 25 6  22 5  50 48 33 49 20 19 26 46 3  13 41 39 36 44 9  16 18 14 38 32 28 37 8  34 35 31 1  45 29 15 21 2  0  10 4  47 30 7  27 23 42 24 
38 44 20 40 16 13 43 9  3  7  48 25 31 27 18 28 35 15 42 29 2  41 17 11 33 4  46 12 14 37 21 32 34 1  6  10 50 23 5  30 22 36 49 0  47 8  45 26 19 39 24 
24 12 40 17 43 11 25 6  22 5  50 48 33 49 20 19 26 46 3  13 41 39 36 44 9  16 18 14 38 32 28 37 8  34 35 31 1  45 29 15 21 2  0  10 4  47 30 7  27 23 42 
38 44 20 40 16 13 43 9  3  7  48 25 31 27 18 28 35 15 42 29 2  41 17 11 33 4  46 12 14 37 21 32 34 1  6  10 50 23 5  30 22 36 49 0  47 8  45 26 19 39 24 
24 12 40 17 43 11 25 6  22 5  50 48 33 49 20 19 26 46 3  13 41 39 36 44 9  16 18 14 38 32 28 37 8  34 35 31 1  45 29 15 21 2  0  10 4  47 30 7  27 23 42 
38 44 20 40 16 13 43 9  3  7  48 25 31 27 18 28 35 15 42 29 2  41 17 11 33 4  46 12 14 37 21 32 34 1  6  10 50 23 5  30 22 36 49 0  47 8  45 26 19 39 24 
24 12 40 17 43 11 25 6  22 5  50 48 33 49 20 19 26 46 3  13 41 39 36 44 9  16 18 14 38 32 28 37 8  34 35 31 1  45 29 15 21 2  0  10 4  47 30 7  27 23 42 
38 44 20 40 16 13 43 9  3  7  48 25 31 27 18 28 35 15 42 29 2  41 17 11 33 4  46 12 14 37 21 32 34 1  6  10 50 23 5  30 22 36 49 0  47 8  45 26 19 39 24 
12 40 17 43 11 25 6  22 5  50 48 33 49 20 19 26 46 3  13 41 39 36 44 9  16 18 14 38 32 28 37 8  34 35 31 1  45 29 15 21 2  0  10 4  47 30 7  27 23 42 24 
38 44 20 40 16 13 43 9  3  7  48 25 31 27 18 28 35 15 42 29 2  41 17 11 33 4  46 12 14 37 21 32 34 1  6  10 50 23 5  30 22 36 49 0  47 8  45 26 19 39 24 
24 12 40 17 43 11 25 6  22 5  50 48 33 49 20 19 26 46 3  13 41 39 36 44 9  16 18 14 38 32 28 37 8  34 35 31 1  45 29 15 21 2  0  10 4  47 30 7  27 23 42 
38 44 20 40 16 13 43 9  3  7  48 25 31 27 18 28 35 15 42 29 2  41 17 11 33 4  46 12 14 37 21 32 34 1  6  10 50 23 5  30 22 36 49 0  47 8  45 26 19 39 24 
12 40 17 43 11 25 6  22 5  50 48 33 49 20 19 26 46 3  13 41 39 36 44 9  16 18 14 38 32 28 37 8  34 35 31 1  45 29 15 21 2  0  10 4  47 30 7  27 23 42 24 
38 44 20 40 16 13 43 9  3  7  48 25 31 27 18 28 35 15 42 29 2  41 17 11 33 4  46 12 14 37 21 32 34 1  6  10 50 23 5  30 22 36 49 0  47 8  45 26 19 39 24 
12 40 17 43 11 25 6  22 5  50 48 33 49 20 19 26 46 3  13 41 39 36 44 9  16 18 14 38 32 28 37 8  34 35 31 1  45 29 15 21 2  0  10 4  47 30 7  27 23 42 24 
38 44 20 40 16 13 43 9  3  7  48 25 31 27 18 28 35 15 42 29 2  41 17 11 33 4  46 12 14 37 21 32 34 1  6  10 50 23 5  30 22 36 49 0  47 8  45 26 19 39 24 
12 40 17 43 11 25 6  22 5  50 48 33 49 20 19 26 46 3  13 41 39 36 44 9  16 18 14 38 32 28 37 8  34 35 31 1  45 29 15 21 2  0  10 4  47 30 7  27 23 42 24 
38 44 20 40 16 13 43 9  3  7  48 25 31 27 18 28 35 15 42 29 2  41 17 11 33 4  46 12 14 37 21 32 34 1  6  10 50 23 5  30 22 36 49 0  47 8  45 26 19 39 24 
12 40 17 43 11 25 6  22 5  50 48 33 49 20 19 26 46 3  13 41 39 36 44 9  16 18 14 38 32 28 37 8  34 35 31 1  45 29 15 21 2  0  10 4  47 30 7  27 23 42 24 
38 44 20 40 16 13 43 9  3  7  48 25 31 27 18 28 35 15 42 29 2  41 17 11 33 4  46 12 14 37 21 32 34 1  6  10 50 23 5  30 22 36 49 0  47 8  45 26 19 39 24 
12 40 17 43 11 25 6  22 5  50 48 33 49 20 19 26 46 3  13 41 39 36 44 9  16 18 14 38 32 28 37 8  34 35 31 1  45 29 15 21 2  0  10 4  47 30 7  27 23 42 24 
38 44 20 40 16 13 43 9  3  7  48 25 31 27 18 28 35 15 42 29 2  41 17 11 33 4  46 12 14 37 21 32 34 1  6  10 50 23 5  30 22 36 49 0  47 8  45 26 19 39 24 
12 40 17 43 11 25 6  22 5  50 48 33 49 20 19 26 46 3  13 41 39 36 44 9  16 18 14 38 32 28 37 8  34 35 31 1  45 29 15 21 2  0  10 4  47 30 7  27 23 42 24 
38 44 20 40 16 13 43 9  3  7  48 25 31 27 18 28 35 15 42 29 2  41 17 11 33 4  46 12 14 37 21 32 34 1  6  10 50 23 5  30 22 36 49 0  47 8  45 26 19 39 24 
12 40 17 43 11 25 6  22 5  50 48 33 49 20 19 26 46 3  13 41 39 36 44 9  16 18 14 38 32 28 37 8  34 35 31 1  45 29 15 21 2  0  10 4  47 30 7  27 23 42 24 
38 44 20 40 16 13 43 9  3  7  48 25 31 27 18 28 35 15 42 29 2  41 17 11 33 4  46 12 14 37 21 32 34 1  6  10 50 23 5  30 22 36 49 0  47 8  45 26 19 39 24 
12 40 17 43 11 25 6  22 5  50 48 33 49 20 19 26 46 3  13 41 39 36 44 9  16 18 14 38 32 28 37 8  34 35 31 1  45 29 15 21 2  0  10 4  47 30 7  27 23 42 24 
38 44 20 40 16 13 43 9  3  7  48 25 31 27 18 28 35 15 42 29 2  41 17 11 33 4  46 12 14 37 21 32 34 1  6  10 50 23 5  30 22 36 49 0  47 8  45 26 19 39 24 
12 40 17 43 11 25 6  22 5  50 48 33 49 20 19 26 46 3  13 41 39 36 44 9  16 18 14 38 32 28 37 8  34 35 31 1  45 29 15 21 2  0  10 4  47 30 7  27 23 42 24 
38 44 20 40 16 13 43 9  3  7  48 25 31 27 18 28 35 15 42 29 2  41 17 11 33 4  46 12 14 37 21 32 34 1  6  10 50 23 5  30 22 36 49 0  47 8  45 26 19 39 24 
12 40 17 43 11 25 6  22 5  50 48 33 49 20 19 26 46 3  13 41 39 36 44 9  16 18 14 38 32 28 37 8  34 35 31 1  45 29 15 21 2  0  10 4  47 30 7  27 23 42 24 
38 44 20 40 16 13 43 9  3  7  48 25 31 27 18 28 35 15 42 29 2  41 17 11 33 4  46 12 14 37 21 32 34 1  6  10 50 23 5  30 22 36 49 0  47 8  45 26 19 39 24 
24 12 40 17 43 11 25 6  22 5  50 48 33 49 20 19 26 46 3  13 41 39 36 44 9  16 18 14 38 32 28 37 8  34 35 31 1  45 29 15 21 2  0  10 4  47 30 7  27 23 42 
38 44 20 40 16 13 43 9  3  7  48 25 31 27 18 28 35 15 42 29 2  41 17 11 33 4  46 12 14 37 21 32 34 1  6  10 50 23 5  30 22 36 49 0  47 8  45 26 19 39 24 
12 40 17 43 11 25 6  22 5  50 48 33 49 20 19 26 46 3  13 41 39 36 44 9  16 18 14 38 32 28 37 8  34 35 31 1  45 29 15 21 2  0  10 4  47 30 7  27 23 42 24 
38 44 20 40 16 13 43 9  3  7  48 25 31 27 18 28 35 15 42 29 2  41 17 11 33 4  46 12 14 37 21 32 34 1  6  10 50 23 5  30 22 36 49 0  47 8  45 26 19 39 24 
12 40 17 43 11 25 6  22 5  50 48 33 49 20 19 26 46 3  13 41 39 36 44 9  16 18 14 38 32 28 37 8  34 35 31 1  45 29 15 21 2  0  10 4  47 30 7  27 23 42 24 
38 44 20 40 16 13 43 9  3  7  48 25 31 27 18 28 35 15 42 29 2  41 17 11 33 4  46 12 14 37 21 32 34 1  6  10 50 23 5  30 22 36 49 0  47 8  45 26 19 39 24 
12 40 17 43 11 25 6  22 5  50 48 33 49 20 19 26 46 3  13 41 39 36 44 9  16 18 14 38 32 28 37 8  34 35 31 1  45 29 15 21 2  0  10 4  47 30 7  27 23 42 24 
38 44 20 40 16 13 43 9  3  7  48 25 31 27 18 28 35 15 42 29 2  41 17 11 33 4  46 12 14 37 21 32 34 1  6  10 50 23 5  30 22 36 49 0  47 8  45 26 19 39 24 
24 12 40 17 43 11 25 6  22 5  50 48 33 49 20 19 26 46 3  13 41 39 36 44 9  16 18 14 38 32 28 37 8  34 35 31 1  45 29 15 21 2  0  10 4  47 30 7  27 23 42 
38 44 20 40 16 13 43 9  3  7  48 25 31 27 18 28 35 15 42 29 2  41 17 11 33 4  46 12 14 37 21 32 34 1  6  10 50 23 5  30 22 36 49 0  47 8  45 26 19 39 24 
12 40 17 43 11 25 6  22 5  50 48 33 49 20 19 26 46 3  13 41 39 36 44 9  16 18 14 38 32 28 37 8  34 35 31 1  45 29 15 21 2  0  10 4  47 30 7  27 23 42 24 
38 44 20 40 16 13 43 9  3  7  48 25 31 27 18 28 35 15 42 29 2  41 17 11 33 4  46 12 14 37 21 32 34 1  6  10 50 23 5  30 22 36 49 0  47 8  45 26 19 39 24 
12 40 17 43 11 25 6  22 5  50 48 33 49 20 19 26 46 3  13 41 39 36 44 9  16 18 14 38 32 28 37 8  34 35 31 1  45 29 15 21 2  0  10 4  47 30 7  27 23 42 24 
38 44 20 40 16 13 43 9  3  7  48 25 31 27 18 28 35 15 42 29 2  41 17 11 33 4  46 12 14 37 21 32 34 1  6  10 50 23 5  30 22 36 49 0  47 8  45 26 19 39 24 
12 40 17 43 11 25 6  22 5  50 48 33 49 20 19 26 46 3  13 41 39 36 44 9  16 18 14 38 32 28 37 8  34 35 31 1  45 29 15 21 2  0  10 4  47 30 7  27 23 42 24 
38 44 20 40 16 13 43 9  3  7  48 25 31 27 18 28 35 15 42 29 2  41 17 11 33 4  46 12 14 37 21 32 34 1  6  10 50 23 5  30 22 36 49 0  47 8  45 26 19 39 24 
12 40 17 43 11 25 6  22 5  50 48 33 49 20 19 26 46 3  13 41 39 36 44 9  16 18 14 38 32 28 37 8  34 35 31 1  45 29 15 21 2  0  10 4  47 30 7  27 23 42 24 
38 44 20 40 16 13 43 9  3  7  48 25 31 27 18 28 35 15 42 29 2  41 17 11 33 4  46 12 14 37 21 32 34 1  6  10 50 23 5  30 22 36 49 0  47 8  45 26 19 39 24 
12 40 17 43 11 25 6  22 5  50 48 33 49 20 19 26 46 3  13 41 39 36 44 9  16 18 14 38 32 28 37 8  34 35 31 1  45 29 15 21 2  0  10 4  47 30 7  27 23 42 24 
38 44 20 40 16 13 43 9  3  7  48 25 31 27 18 28 35 15 42 29 2  41 17 11 33 4  46 12 14 37 21 32 34 1  6  10 50 23 5  30 22 36 49 0  47 8  45 26 19 39 24 
24 12 40 17 43 11 25 6  22 5  50 48 33 49 20 19 26 46 3  13 41 39 36 44 9  16 18 14 38 32 28 37 8  34 35 31 1  45 29 15 21 2  0  10 4  47 30 7  27 23 42 
38 44 20 40 16 13 43 9  3  7  48 25 31 27 18 28 35 15 42 29 2  41 17 11 33 4  46 12 14 37 21 32 34 1  6  10 50 23 5  30 22 36 49 0  47 8  45 26 19 39 24 
12 40 17 43 11 25 6  22 5  50 48 33 49 20 19 26 46 3  13 41 39 36 44 9  16 18 14 38 32 28 37 8  34 35 31 1  45 29 15 21 2  0  10 4  47 30 7  27 23 42 24 
38 44 20 40 16 13 43 9  3  7  48 25 31 27 18 28 35 15 42 29 2  41 17 11 33 4  46 12 14 37 21 32 34 1  6  10 50 23 5  30 22 36 49 0  47 8  45 26 19 39 24 
12 40 17 43 11 25 6  22 5  50 48 33 49 20 19 26 46 3  13 41 39 36 44 9  16 18 14 38 32 28 37 8  34 35 31 1  45 29 15 21 2  0  10 4  47 30 7  27 23 42 24 
38 44 20 40 16 13 43 9  3  7  48 25 31 27 18 28 35 15 42 29 2  41 17 11 33 4  46 12 14 37 21 32 34 1  6  10 50 23 5  30 22 36 49 0  47 8  45 26 19 39 24 
12 40 17 43 11 25 6  22 5  50 48 33 49 20 19 26 46 3  13 41 39 36 44 9  16 18 14 38 32 28 37 8  34 35 31 1  45 29 15 21 2  0  10 4  47 30 7  27 23 42 24 
38 44 20 40 16 13 43 9  3  7  48 25 31 27 18 28 35 15 42 29 2  41 17 11 33 4  46 12 14 37 21 32 34 1  6  10 50 23 5  30 22 36 49 0  47 8  45 26 19 39 24 
24 12 40 17 43 11 25 6  22 5  50 48 33 49 20 19 26 46 3  13 41 39 36 44 9  16 18 14 38 32 28 37 8  34 35 31 1  45 29 15 21 2  0  10 4  47 30 7  27 23 42 
38 44 20 40 16 13 43 9  3  7  48 25 31 27 18 28 35 15 42 29 2  41 17 11 33 4  46 12 14 37 21 32 34 1  6  10 50 23 5  30 22 36 49 0  47 8  45 26 19 39 24 
12 40 17 43 11 25 6  22 5  50 48 33 49 20 19 26 46 3  13 41 39 36 44 9  16 18 14 38 32 28 37 8  34 35 31 1  45 29 15 21 2  0  10 4  47 30 7  27 23 42 24 
38 44 20 40 16 13 43 9  3  7  48 25 31 27 18 28 35 15 42 29 2  41 17 11 33 4  46 12 14 37 21 32 34 1  6  10 50 23 5  30 22 36 49 0  47 8  45 26 19 39 24 
12 40 17 43 11 25 6  22 5  50 48 33 49 20 19 26 46 3  13 41 39 36 44 9  16 18 14 38 32 28 37 8  34 35 31 1  45 29 15 21 2  0  10 4  47 30 7  27 23 42 24 
38 44 20 40 16 13 43 9  3  7  48 25 31 27 18 28 35 15 42 29 2  41 17 11 33 4  46 12 14 37 21 32 34 1  6  10 50 23 5  30 22 36 49 0  47 8  45 26 19 39 24 
12 40 17 43 11 25 6  22 5  50 48 33 49 20 19 26 46 3  13 41 39 36 44 9  16 18 14 38 32 28 37 8  34 35 31 1  45 29 15 21 2  0  10 4  47 30 7  27 23 42 24 
38 44 20 40 16 13 43 9  3  7  48 25 31 27 18 28 35 15 42 29 2  41 17 11 33 4  46 12 14 37 21 32 34 1  6  10 50 23 5  30 22 36 49 0  47 8  45 26 19 39 24 
12 40 17 43 11 25 6  22 5  50 48 33 49 20 19 26 46 3  13 41 39 36 44 9  16 18 14 38 32 28 37 8  34 35 31 1  45 29 15 21 2  0  10 4  47 30 7  27 23 42 24 
38 44 20 40 16 13 43 9  3  7  48 25 31 27 18 28 35 15 42 29 2  41 17 11 33 4  46 12 14 37 21 32 34 1  6  10 50 23 5  30 22 36 49 0  47 8  45 26 19 39 24 
12 40 17 43 11 25 6  22 5  50 48 33 49 20 19 26 46 3  13 41 39 36 44 9  16 18 14 38 32 28 37 8  34 35 31 1  45 29 15 21 2  0  10 4  47 30 7  27 23 42 24 
38 44 20 40 16 13 43 9  3  7  48 25 31 27 18 28 35 15 42 29 2  41 17 11 33 4  46 12 14 37 21 32 34 1  6  10 50 23 5  30 22 36 49 0  47 8  45 26 19 39 24 
12 40 17 43 11 25 6  22 5  50 48 33 49 20 19 26 46 3  13 41 39 36 44 9  16 18 14 38 32 28 37 8  34 35 31 1  45 29 15 21 2  0  10 4  47 30 7  27 23 42 24 
38 44 20 40 16 13 43 9  3  7  48 25 31 27 18 28 35 15 42 29 2  41 17 11 33 4  46 12 14 37 21 32 34 1  6  10 50 23 5  30 22 36 49 0  47 8  45 26 19 39 24 
12 40 17 43 11 25 6  22 5  50 48 33 49 20 19 26 46 3  13 41 39 36 44 9  16 18 14 38 32 28 37 8  34 35 31 1  45 29 15 21 2  0  10 4  47 30 7  27 23 42 24 
38 44 20 40 16 13 43 9  3  7  48 25 31 27 18 28 35 15 42 29 2  41 17 11 33 4  46 12 14 37 21 32 34 1  6  10 50 23 5  30 22 36 49 0  47 8  45 26 19 39 24 
24 12 40 17 43 11 25 6  22 5  50 48 33 49 20 19 26 46 3  13 41 39 36 44 9  16 18 14 38 32 28 37 8  34 35 31 1  45 29 15 21 2  0  10 4  47 30 7  27 23 42 
38 44 20 40 16 13 43 9  3  7  48 25 31 27 18 28 35 15 42 29 2  41 17 11 33 4  46 12 14 37 21 32 34 1  6  10 50 23 5  30 22 36 49 0  47 8  45 26 19 39 24 
-----------------Distance---------------------------------------------------------------------------------------------------------------------------
0  59 73 54 33 53 64 80 80 36 60 57 14 88 49 8  65 56 68 95 64 25 8  51 105 81 93 84 14 93 19 68 60 64 32 4  20 18 95 89 58 60 66 78 97 99 12 65 90 30 43 41 33 67 95 52 43 21 26 50 87 77 30 55 49 30 60 78 21 20 
59 0  19 8  42 22 5  22 52 47 81 52 53 34 23 56 40 12 13 42 52 34 50 19 80 22 58 26 55 43 49 13 62 53 49 61 54 42 74 63 26 17 36 35 72 64 50 80 31 53 66 49 33 71 36 72 22 53 37 55 65 75 31 93 76 28 75 37 47 55 
73 19 0  19 48 22 16 11 39 51 81 48 69 15 42 69 31 17 25 23 45 50 65 39 64 18 41 12 71 24 66 6  58 46 68 76 63 58 61 49 21 14 26 17 57 47 62 77 25 59 68 52 42 67 33 73 42 62 54 54 52 67 48 97 78 44 74 21 64 72 
54 8  19 0  34 14 12 25 46 39 73 43 50 34 27 51 32 4  21 42 44 31 46 24 74 28 53 29 52 42 47 14 53 45 49 57 47 39 68 57 18 10 29 31 66 59 45 71 37 46 58 41 26 63 43 64 24 46 35 46 58 67 28 85 68 25 67 33 45 53 
33 42 48 34 0  26 46 58 47 6  41 24 39 61 48 25 32 33 55 67 31 28 28 46 72 62 60 61 40 64 39 46 30 31 50 37 16 30 62 56 29 34 34 49 64 66 20 43 71 11 24 11 8  39 78 32 41 15 34 20 54 48 31 51 34 26 38 48 39 45 
53 22 22 14 26 0  24 33 34 28 60 30 52 35 39 48 19 10 35 42 30 34 45 36 62 38 44 35 54 40 51 21 39 31 56 56 41 41 55 45 6  8  17 25 54 50 42 58 46 37 46 29 20 49 53 52 35 40 40 33 46 53 34 75 56 28 54 26 49 57 
64 5  16 12 46 24 0  17 52 51 85 54 58 31 26 61 41 14 11 38 53 39 55 23 79 17 56 21 60 40 54 10 64 54 53 66 59 47 74 63 27 18 37 33 72 63 55 82 26 58 70 53 38 74 31 76 27 58 42 58 65 76 36 97 80 33 78 36 52 60 
80 22 11 25 58 33 17 0  49 62 93 60 75 17 43 77 42 25 21 23 57 56 72 39 73 8  49 4  77 27 71 12 70 58 70 82 72 64 71 59 32 24 38 27 67 55 71 89 13 70 79 63 51 78 21 84 44 72 59 65 62 79 53 108 89 50 85 31 69 77 
80 52 39 46 47 34 52 49 0  45 57 28 84 37 73 73 15 41 62 38 20 67 74 70 28 57 14 48 85 32 83 43 33 20 90 84 62 73 22 11 28 35 17 22 20 18 68 50 61 54 53 41 47 37 69 52 69 61 73 37 13 33 67 79 60 62 49 18 82 89 
36 47 51 39 6  28 51 62 45 0  36 20 43 62 53 28 32 37 59 68 27 34 32 52 69 66 59 64 45 65 45 49 25 28 56 40 17 35 58 53 31 37 34 50 61 64 24 37 75 9  19 5  14 34 82 26 47 16 40 14 51 43 37 46 29 32 32 48 45 49 
60 81 81 73 41 60 85 93 57 36 0  33 72 88 90 52 52 70 94 93 39 69 61 88 68 98 70 94 73 87 75 81 24 38 88 64 41 68 57 59 60 68 56 73 63 73 51 9  106 34 18 32 50 21 114 9  83 41 74 27 54 31 72 24 11 67 8  70 76 79 
57 52 48 43 24 30 54 60 28 20 33 0  63 55 66 48 19 40 65 59 8  51 53 64 48 66 42 61 65 54 64 49 9  8  74 61 37 54 38 34 28 37 23 40 41 46 44 28 74 27 25 15 29 19 81 26 60 36 57 9  31 24 53 52 33 47 25 37 64 69 
14 53 69 50 39 52 58 75 84 43 72 63 0  85 38 21 68 52 59 92 70 19 11 40 110 74 95 79 2  91 5  64 68 70 18 13 31 11 101 94 59 57 68 78 102 101 21 77 83 40 55 49 36 77 87 64 33 31 16 58 92 86 22 69 61 25 72 78 7  6  
88 34 15 34 61 35 31 17 37 62 88 55 85 0  57 83 36 32 38 7  50 66 80 54 58 25 34 13 87 10 82 21 64 50 83 91 76 73 57 45 31 28 32 15 52 39 77 83 26 71 78 62 55 71 34 81 57 75 70 62 49 69 63 107 87 59 80 19 80 88 
49 23 42 27 48 39 26 43 73 53 90 66 38 57 0  50 59 31 23 65 68 24 41 3  101 39 80 47 40 67 33 36 75 69 29 50 53 31 94 84 45 38 56 58 93 87 46 90 48 57 72 58 39 85 50 80 6  53 23 66 85 90 20 96 81 23 85 60 31 38 
8  56 69 51 25 48 61 77 73 28 52 48 21 83 50 0  58 52 66 90 56 26 10 51 97 78 86 80 21 88 25 65 51 56 38 12 12 20 87 81 53 55 59 73 90 91 6  57 88 21 35 33 28 59 93 44 44 12 28 41 79 69 30 48 41 29 52 72 26 27 
65 40 31 32 32 19 41 42 15 32 52 19 68 36 59 58 0  28 52 40 14 52 59 56 43 49 27 43 70 35 67 33 28 15 75 69 48 57 35 26 14 23 4  20 35 33 53 47 56 41 43 29 32 36 64 45 55 47 57 27 26 36 52 72 52 46 44 17 66 73 
56 12 17 4  33 10 14 25 41 37 70 40 52 32 31 52 28 0  24 39 40 33 48 28 69 29 49 28 54 39 50 13 50 41 53 59 47 41 63 52 14 6  25 27 62 55 46 68 38 45 56 39 25 59 44 62 29 46 38 43 54 63 31 84 66 27 64 29 48 56 
68 13 25 21 55 35 11 21 62 59 94 65 59 38 23 66 52 24 0  44 64 42 59 20 89 16 66 25 61 48 54 19 75 65 52 69 65 49 85 73 38 29 48 43 82 73 61 93 25 66 79 62 46 84 27 85 26 65 43 68 75 87 38 106 89 37 88 46 52 60 
95 42 23 42 67 42 38 23 38 68 93 59 92 7  65 90 40 39 44 0  54 73 87 61 56 30 32 19 94 7  89 29 68 54 91 98 83 81 56 45 37 35 36 19 51 37 84 87 29 77 83 67 62 74 36 86 64 82 77 67 49 72 71 112 92 67 84 22 87 95 
64 52 45 44 31 30 53 57 20 27 39 8  70 50 68 56 14 40 64 54 0  56 59 65 41 64 34 57 71 48 70 47 14 1  79 68 44 60 31 26 26 35 18 34 34 38 51 33 70 35 33 22 34 21 78 33 63 43 62 17 23 23 57 60 40 51 30 31 69 75 
25 34 50 31 28 34 39 56 67 34 69 51 19 66 24 26 52 33 42 73 56 0  17 25 95 56 78 60 21 73 16 45 58 57 23 27 29 8  86 78 41 39 51 60 87 85 21 71 65 35 51 40 22 68 69 60 18 29 5  48 77 76 4  72 59 6  66 60 14 22 
8  50 65 46 28 45 55 72 74 32 61 53 11 80 41 10 59 48 59 87 59 17 0  42 100 72 87 75 12 85 15 60 57 60 28 11 19 10 90 84 51 52 59 71 93 93 9  65 82 28 43 38 27 65 86 52 35 19 18 47 82 75 21 59 50 22 60 71 16 18 
51 19 39 24 46 36 23 39 70 52 88 64 40 54 3  51 56 28 20 61 65 25 42 0  98 36 77 44 42 63 35 32 73 66 32 51 53 32 91 81 42 34 53 54 90 83 46 88 45 56 71 56 38 83 47 79 7  53 25 64 82 88 21 95 80 23 84 57 33 41 
105 80 64 74 72 62 79 73 28 69 68 48 110 58 101 97 43 69 89 56 41 95 100 98 0  81 24 71 112 49 110 69 49 40 118 109 85 100 11 17 56 63 45 47 7  19 92 59 84 76 70 64 74 47 92 66 97 85 101 56 17 37 95 92 74 90 60 43 109 116 
81 22 18 28 62 38 17 8  57 66 98 66 74 25 39 78 49 29 16 30 64 56 72 36 81 0  57 11 76 35 70 17 76 65 68 83 75 64 79 67 38 30 45 35 75 63 73 95 9  74 84 67 54 85 15 90 42 74 58 71 70 86 52 113 94 50 91 39 68 76 
93 58 41 53 60 44 56 49 14 59 70 42 95 34 80 86 27 49 66 32 34 78 87 77 24 57 0  47 97 25 94 47 47 34 100 97 76 84 24 13 37 42 27 23 18 6  80 63 60 67 67 55 59 50 68 66 77 75 84 51 18 43 78 93 74 72 62 20 93 100 
84 26 12 29 61 35 21 4  48 64 94 61 79 13 47 80 43 28 25 19 57 60 75 44 71 11 47 0  81 24 75 15 70 58 75 86 75 68 69 57 33 26 38 25 65 52 74 90 13 72 81 64 54 79 21 86 48 74 63 67 60 78 57 110 91 54 86 29 73 81 
14 55 71 52 40 54 60 77 85 45 73 65 2  87 40 21 70 54 61 94 71 21 12 42 112 76 97 81 0  93 7  66 69 72 18 12 31 13 102 95 60 59 69 80 104 103 21 77 85 41 55 50 38 78 89 65 35 32 18 59 94 87 24 69 62 27 72 80 9  6  
93 43 24 42 64 40 40 27 32 65 87 54 91 10 67 88 35 39 48 7  48 73 85 63 49 35 25 24 93 0  89 30 62 48 92 96 80 80 49 38 35 33 31 15 44 30 82 81 35 74 78 63 60 68 43 81 66 79 77 62 42 65 71 107 87 66 79 17 87 95 
19 49 66 47 39 51 54 71 83 45 75 64 5  82 33 25 67 50 54 89 70 16 15 35 110 70 94 75 7  89 0  60 70 71 13 18 34 9  101 93 57 55 66 76 102 100 24 79 79 42 58 51 36 79 82 67 28 34 12 59 92 88 18 73 65 22 74 76 2  6  
68 13 6  14 46 21 10 12 43 49 81 49 64 21 36 65 33 13 19 29 47 45 60 32 69 17 47 15 66 30 60 0  59 48 62 71 60 53 65 53 21 12 29 23 62 53 58 78 25 57 67 50 38 68 32 73 35 59 48 54 56 70 42 96 77 39 74 26 58 66 
60 62 58 53 30 39 64 70 33 25 24 9  68 64 75 51 28 50 75 68 14 58 57 73 49 76 47 70 69 62 70 59 0  13 81 64 39 60 37 37 38 47 32 48 42 50 48 19 83 29 21 19 36 10 91 19 69 38 64 10 33 18 60 46 27 55 16 45 70 74 
64 53 46 45 31 31 54 58 20 28 38 8  70 50 69 56 15 41 65 54 1  57 60 66 40 65 34 58 72 48 71 48 13 0  80 68 45 61 30 25 27 36 19 35 33 38 52 32 71 35 33 23 35 20 79 32 64 44 63 17 23 22 58 59 40 52 30 31 70 76 
32 49 68 49 50 56 53 70 90 56 88 74 18 83 29 38 75 53 52 91 79 23 28 32 118 68 100 75 18 92 13 62 81 80 0  30 47 20 109 101 63 59 73 80 110 107 37 91 77 54 70 62 45 90 79 79 26 47 17 70 100 98 22 87 78 28 86 81 12 13 
4  61 76 57 37 56 66 82 84 40 64 61 13 91 50 12 69 59 69 98 68 27 11 51 109 83 97 86 12 96 18 71 64 68 30 0  24 19 99 93 62 63 69 82 102 102 16 69 92 34 47 46 37 72 97 56 44 25 26 54 91 82 31 58 52 32 64 82 20 17 
20 54 63 47 16 41 59 72 62 17 41 37 31 76 53 12 48 47 65 83 44 29 19 53 85 75 76 75 31 80 34 60 39 45 47 24 0  27 75 70 45 49 50 65 78 81 10 45 85 9  24 21 21 47 90 33 47 1  33 29 68 57 33 42 31 30 40 64 35 37 
18 42 58 39 30 41 47 64 73 35 68 54 11 73 31 20 57 41 49 81 60 8  10 32 100 64 84 68 13 80 9  53 60 61 20 19 27 0  91 83 47 46 57 67 92 90 17 71 73 34 50 41 26 70 77 59 25 27 7  50 82 78 11 68 58 14 66 67 9  15 
95 74 61 68 62 55 74 71 22 58 57 38 101 57 94 87 35 63 85 56 31 86 90 91 11 79 24 69 102 49 101 65 37 30 109 99 75 91 0  12 49 57 38 44 7  22 82 48 82 65 59 53 65 36 90 55 90 74 92 46 9  26 87 81 63 81 49 40 100 106 
89 63 49 57 56 45 63 59 11 53 59 34 94 45 84 81 26 52 73 45 26 78 84 81 17 67 13 57 95 38 93 53 37 25 101 93 70 83 12 0  39 46 28 32 9  13 77 51 70 61 58 49 57 38 78 56 80 69 84 42 5  30 78 82 64 72 50 28 92 99 
58 26 21 18 29 6  27 32 28 31 60 28 59 31 45 53 14 14 38 37 26 41 51 42 56 38 37 33 60 35 57 21 38 27 63 62 45 47 49 39 0  9  11 20 48 43 47 56 46 40 47 31 25 47 53 52 41 44 46 33 40 49 40 76 57 35 53 19 56 63 
60 17 14 10 34 8  18 24 35 37 68 37 57 28 38 55 23 6  29 35 35 39 52 34 63 30 42 26 59 33 55 12 47 36 59 63 49 46 57 46 9  0  19 21 55 49 49 65 38 45 55 38 27 56 45 60 35 48 43 41 48 58 37 83 65 32 61 22 53 61 
66 36 26 29 34 17 37 38 17 34 56 23 68 32 56 59 4  25 48 36 18 51 59 53 45 45 27 38 69 31 66 29 32 19 73 69 50 57 38 28 11 19 0  17 37 33 53 51 51 43 47 31 32 40 59 49 52 49 56 30 29 40 50 75 55 45 48 14 65 72 
78 35 17 31 49 25 33 27 22 50 73 40 78 15 58 73 20 27 43 19 34 60 71 54 47 35 23 25 80 15 76 23 48 35 80 82 65 67 44 32 20 21 17 0  40 29 67 67 39 59 63 48 45 55 47 66 55 64 64 47 35 54 58 92 72 53 65 4  74 82 
97 72 57 66 64 54 72 67 20 61 63 41 102 52 93 90 35 62 82 51 34 87 93 90 7  75 18 65 104 44 102 62 42 33 110 102 78 92 7  9  48 55 37 40 0  15 85 54 78 69 64 56 66 42 86 61 90 77 93 49 10 32 87 87 69 82 55 36 101 108 
99 64 47 59 66 50 63 55 18 64 73 46 101 39 87 91 33 55 73 37 38 85 93 83 19 63 6  52 103 30 100 53 50 38 107 102 81 90 22 13 43 49 33 29 15 0  86 65 65 72 71 60 65 52 73 69 84 80 90 55 18 44 84 96 77 79 64 26 99 106 
12 50 62 45 20 42 55 71 68 24 51 44 21 77 46 6  53 46 61 84 51 21 9  46 92 73 80 74 21 82 24 58 48 52 37 16 10 17 82 77 47 49 53 67 85 86 0  55 82 19 34 29 22 56 87 43 39 10 24 38 75 66 25 51 41 24 50 66 25 27 
65 80 77 71 43 58 82 89 50 37 9  28 77 83 90 57 47 68 93 87 33 71 65 88 59 95 63 90 77 81 79 78 19 32 91 69 45 71 48 51 56 65 51 67 54 65 55 0  102 37 21 32 51 13 110 13 84 45 76 25 46 22 74 33 19 69 5  64 80 83 
90 31 25 37 71 46 26 13 61 75 106 74 83 26 48 88 56 38 25 29 70 65 82 45 84 9  60 13 85 35 79 25 83 71 77 92 85 73 82 70 46 38 51 39 78 65 82 102 0  83 93 76 63 92 8  98 51 84 67 79 74 92 61 121 103 60 99 43 77 85 
30 53 59 46 11 37 58 70 54 9  34 27 40 71 57 21 41 45 66 77 35 35 28 56 76 74 67 72 41 74 42 57 29 35 54 34 9  34 65 61 40 45 43 59 69 72 19 37 83 0  16 12 19 37 89 25 50 9  40 20 59 47 38 40 24 34 32 57 43 46 
43 66 68 58 24 46 70 79 53 19 18 25 55 78 72 35 43 56 79 83 33 51 43 71 70 84 67 81 55 78 58 67 21 33 70 47 24 50 59 58 47 55 47 63 64 71 34 21 93 16 0  16 33 25 100 9  65 23 56 16 54 36 54 28 10 49 17 61 58 61 
41 49 52 41 11 29 53 63 41 5  32 15 49 62 58 33 29 39 62 67 22 40 38 56 64 67 55 64 50 63 51 50 19 23 62 46 21 41 53 49 31 38 31 48 56 60 29 32 76 12 16 0  19 28 83 23 52 21 45 8  46 37 42 45 26 37 27 46 50 55 
33 33 42 26 8  20 38 51 47 14 50 29 36 55 39 28 32 25 46 62 34 22 27 38 74 54 59 54 38 60 36 38 36 35 45 37 21 26 65 57 25 27 32 45 66 65 22 51 63 19 33 19 0  46 70 41 33 20 28 27 56 54 24 59 43 18 46 44 35 41 
67 71 67 63 39 49 74 78 37 34 21 19 77 71 85 59 36 59 84 74 21 68 65 83 47 85 50 79 78 68 79 68 10 20 90 72 47 70 36 38 47 56 40 55 42 52 56 13 92 37 25 28 46 0  100 19 79 46 74 19 33 11 70 45 27 65 13 52 79 83 
95 36 33 43 78 53 31 21 69 82 114 81 87 34 50 93 64 44 27 36 78 69 86 47 92 15 68 21 89 43 82 32 91 79 79 97 90 77 90 78 53 45 59 47 86 73 87 110 8  89 100 83 70 100 0  105 53 90 71 87 82 100 65 128 110 64 107 51 80 88 
52 72 73 64 32 52 76 84 52 26 9  26 64 81 80 44 45 62 85 86 33 60 52 79 66 90 66 86 65 81 67 73 19 32 79 56 33 59 55 56 52 60 49 66 61 69 43 13 98 25 9  23 41 19 105 0  74 32 65 19 52 31 63 26 8  58 8  63 68 70 
43 22 42 24 41 35 27 44 69 47 83 60 33 57 6  44 55 29 26 64 63 18 35 7  97 42 77 48 35 66 28 35 69 64 26 44 47 25 90 80 41 35 52 55 90 84 39 84 51 50 65 52 33 79 53 74 0  46 17 60 81 85 14 89 75 16 79 57 26 34 
21 53 62 46 15 40 58 72 61 16 41 36 31 75 53 12 47 46 65 82 43 29 19 53 85 74 75 74 32 79 34 59 38 44 47 25 1  27 74 69 44 48 49 64 77 80 10 45 84 9  23 21 20 46 90 32 46 0  33 29 67 56 33 42 31 30 40 63 35 37 
26 37 54 35 34 40 42 59 73 40 74 57 16 70 23 28 57 38 43 77 62 5  18 25 101 58 84 63 18 77 12 48 64 63 17 26 33 7  92 84 46 43 56 64 93 90 24 76 67 40 56 45 28 74 71 65 17 33 0  54 83 82 6  75 64 11 71 65 10 18 
50 55 54 46 20 33 58 65 37 14 27 9  58 62 66 41 27 43 68 67 17 48 47 64 56 71 51 67 59 62 59 54 10 17 70 54 29 50 46 42 33 41 30 47 49 55 38 25 79 20 16 8  27 19 87 19 60 29 54 0  39 28 50 44 25 45 20 45 59 64 
87 65 52 58 54 46 65 62 13 51 54 31 92 49 85 79 26 54 75 49 23 77 82 82 17 70 18 60 94 42 92 56 33 23 100 91 68 82 9  5  40 48 29 35 10 18 75 46 74 59 54 46 56 33 82 52 81 67 83 39 0  25 78 78 60 72 46 31 91 98 
77 75 67 67 48 53 76 79 33 43 31 24 86 69 90 69 36 63 87 72 23 76 75 88 37 86 43 78 87 65 88 70 18 22 98 82 57 78 26 30 49 58 40 54 32 44 66 22 92 47 36 37 54 11 100 31 85 56 82 28 25 0  78 55 38 72 23 50 88 92 
30 31 48 28 31 34 36 53 67 37 72 53 22 63 20 30 52 31 38 71 57 4  21 21 95 52 78 57 24 71 18 42 60 58 22 31 33 11 87 78 40 37 50 58 87 84 25 74 61 38 54 42 24 70 65 63 14 33 6  50 78 78 0  76 63 5  69 59 16 24 
55 93 97 85 51 75 97 108 79 46 24 52 69 107 96 48 72 84 106 112 60 72 59 95 92 113 93 110 69 107 73 96 46 59 87 58 42 68 81 82 76 83 75 92 87 96 51 33 121 40 28 45 59 45 128 26 89 42 75 44 78 55 76 0  19 72 32 89 75 75 
49 76 78 68 34 56 80 89 60 29 11 33 61 87 81 41 52 66 89 92 40 59 50 80 74 94 74 91 62 87 65 77 27 40 78 52 31 58 63 64 57 65 55 72 69 77 41 19 103 24 10 26 43 27 110 8  75 31 64 25 60 38 63 19 0  58 15 70 66 68 
30 28 44 25 26 28 33 50 62 32 67 47 25 59 23 29 46 27 37 67 51 6  22 23 90 50 72 54 27 66 22 39 55 52 28 32 30 14 81 72 35 32 45 53 82 79 24 69 60 34 49 37 18 65 64 58 16 30 11 45 72 72 5  72 58 0  64 54 21 28 
60 75 74 67 38 54 78 85 49 32 8  25 72 80 85 52 44 64 88 84 30 66 60 84 60 91 62 86 72 79 74 74 16 30 86 64 40 66 49 50 53 61 48 65 55 64 50 5  99 32 17 27 46 13 107 8  79 40 71 20 46 23 69 32 15 64 0  62 75 78 
78 37 21 33 48 26 36 31 18 48 70 37 78 19 60 72 17 29 46 22 31 60 71 57 43 39 20 29 80 17 76 26 45 31 81 82 64 67 40 28 19 22 14 4  36 26 66 64 43 57 61 46 44 52 51 63 57 63 65 45 31 50 59 89 70 54 62 0  75 83 
21 47 64 45 39 49 52 69 82 45 76 64 7  80 31 26 66 48 52 87 69 14 16 33 109 68 93 73 9  87 2  58 70 70 12 20 35 9  100 92 56 53 65 74 101 99 25 80 77 43 58 50 35 79 80 68 26 35 10 59 91 88 16 75 66 21 75 75 0  8  
20 55 72 53 45 57 60 77 89 49 79 69 6  88 38 27 73 56 60 95 75 22 18 41 116 76 100 81 6  95 6  66 74 76 13 17 37 15 106 99 63 61 72 82 108 106 27 83 85 46 61 55 41 83 88 70 34 37 18 64 98 92 24 75 68 28 78 83 8  0  
-----------------Distance---------------------------------------------------------------------------------------------------------------------------
0  12 19 31 22 16 22 11 24 34 12 20 41 26 36 18 30 27 45 20 26 7  21 29 33 18 8  16 21 32 17 6  42 30 27 31 30 18 43 56 44 44 34 37 42 13 23 12 26 24 13 
12 0  15 37 21 28 34 22 16 28 10 24 50 37 35 8  34 35 50 12 14 10 33 41 43 29 19 18 9  23 23 11 39 20 19 24 31 14 35 61 50 48 46 38 40 19 29 24 21 13 21 
19 15 0  49 36 35 35 21 31 43 25 38 61 45 50 23 48 46 64 7  24 12 36 45 51 25 27 9  17 37 15 22 54 32 10 12 46 29 49 74 63 62 47 53 55 32 41 28 36 27 32 
31 37 49 0  20 21 37 37 32 31 26 12 15 17 18 35 7  7  14 48 44 38 31 28 17 42 24 47 43 38 46 26 30 41 55 60 12 26 40 25 13 16 40 14 24 17 7  29 28 37 17 
22 21 36 20 0  25 40 33 12 14 11 9  35 30 14 16 14 23 31 32 25 27 36 38 33 40 20 37 25 18 39 16 20 21 39 45 11 7  24 42 32 27 48 18 20 12 15 29 8  17 14 
16 28 35 21 25 0  16 18 34 39 21 18 27 10 34 31 24 14 34 37 41 23 11 13 16 21 9  29 37 42 27 17 44 42 44 47 27 26 49 44 31 37 23 33 41 13 15 8  33 36 11 
22 34 35 37 40 16 0  14 46 54 33 34 39 21 50 41 41 30 50 40 49 25 6  14 26 11 19 26 43 54 20 27 60 53 45 46 43 39 63 58 46 53 12 49 57 28 32 11 46 46 26 
11 22 21 37 33 18 14 0  35 45 23 30 45 27 46 29 39 32 52 26 36 12 15 25 33 7  14 13 30 44 9  17 54 41 31 32 40 30 54 61 49 52 26 47 52 23 30 9  38 35 22 
24 16 31 32 12 34 46 35 0  12 12 21 47 41 23 8  26 35 43 25 13 26 43 47 45 43 26 35 16 8  39 19 23 9  31 37 22 7  19 54 44 38 56 28 26 20 27 34 6  5  23 
34 28 43 31 14 39 54 45 12 0  21 22 46 44 15 20 24 36 38 37 23 37 50 53 47 52 34 46 27 9  50 28 12 15 43 49 19 15 10 48 41 31 62 21 16 26 28 42 7  16 28 
12 10 25 26 11 21 33 23 12 21 0  14 40 30 25 10 23 26 40 22 20 16 30 35 35 30 13 26 17 21 28 6  31 20 29 35 21 6  31 50 40 37 43 28 31 10 19 22 14 14 12 
20 24 38 12 9  18 34 30 21 22 14 0  26 21 16 22 9  14 26 36 32 27 29 30 24 36 16 37 31 27 37 15 26 30 43 48 10 14 32 36 25 24 41 17 23 7  6  23 17 25 8  
41 50 61 15 35 27 39 45 47 46 40 26 0  18 32 49 22 14 14 61 59 48 33 27 13 48 33 56 57 53 54 39 43 56 68 72 27 41 54 19 9  21 39 26 37 30 21 36 43 52 29 
26 37 45 17 30 10 21 27 41 44 30 21 18 0  35 40 24 10 29 47 50 33 15 10 6  30 18 39 46 48 36 26 46 49 54 57 28 33 54 36 25 33 23 32 41 20 16 18 38 44 18 
36 35 50 18 14 34 50 46 23 15 25 16 32 35 0  29 11 25 23 46 36 41 45 45 36 52 32 51 38 24 53 30 11 30 53 59 7  21 23 32 26 16 57 6  6  23 19 40 16 29 24 
18 8  23 35 16 31 41 29 8  20 10 22 49 40 29 0  30 35 48 17 10 18 39 45 45 36 23 27 9  15 31 14 31 12 24 30 27 9  26 58 48 43 52 34 33 20 28 30 13 5  22 
30 34 48 7  14 24 41 39 26 24 23 9  22 24 11 30 0  14 17 46 39 37 35 34 25 45 25 46 39 31 47 25 23 35 53 58 5  21 32 27 18 14 46 8  17 16 9  32 21 32 17 
27 35 46 7  23 14 30 32 35 36 26 14 14 10 25 35 14 0  20 47 45 34 24 21 11 36 19 42 43 41 41 24 37 44 54 58 18 28 45 29 17 23 33 22 31 16 8  23 31 39 14 
45 50 64 14 31 34 50 52 43 38 40 26 14 29 23 48 17 20 0  62 56 52 44 39 25 56 38 61 57 47 60 41 33 52 70 75 21 38 46 10 5  8  51 17 26 32 22 43 38 49 31 
20 12 7  48 32 37 40 26 25 37 22 36 61 47 46 17 46 47 62 0  16 15 41 49 53 31 28 16 10 31 22 22 49 25 7  12 43 25 43 73 62 60 52 50 51 31 41 32 31 21 32 
26 14 24 44 25 41 49 36 13 23 20 32 59 50 36 10 39 45 56 16 0  25 48 54 55 43 32 31 7  15 36 24 35 9  21 27 36 18 27 67 57 52 61 41 39 30 38 39 19 7  32 
7  10 12 38 27 23 25 12 26 37 16 27 48 33 41 18 37 34 52 15 25 0  26 34 39 18 15 10 18 34 13 11 47 30 20 24 36 22 45 63 51 51 37 43 47 20 30 17 29 24 20 
21 33 36 31 36 11 6  15 43 50 30 29 33 15 45 39 35 24 44 41 48 26 0  9  21 15 16 28 42 51 24 24 55 51 46 48 38 36 60 52 40 47 13 44 52 24 26 9  43 44 22 
29 41 45 28 38 13 14 25 47 53 35 30 27 10 45 45 34 21 39 49 54 34 9  0  14 24 22 38 50 55 33 30 56 56 55 57 38 40 63 46 35 43 12 43 52 27 26 17 46 50 25 
33 43 51 17 33 16 26 33 45 47 35 24 13 6  36 45 25 11 25 53 55 39 21 14 0  36 25 46 51 52 43 32 48 54 60 64 29 38 56 32 21 31 26 32 42 25 18 24 42 49 23 
18 29 25 42 40 21 11 7  43 52 30 36 48 30 52 36 45 36 56 31 43 18 15 24 36 0  20 16 36 51 10 24 61 48 35 36 46 37 61 65 53 58 22 53 59 29 36 13 45 42 28 
8  19 27 24 20 9  19 14 26 34 13 16 33 18 32 23 25 19 38 28 32 15 16 22 25 20 0  23 28 35 22 8  41 34 35 39 26 19 43 48 36 39 29 33 39 9  16 8  26 28 8  
16 18 9  47 37 29 26 13 35 46 26 37 56 39 51 27 46 42 61 16 31 10 28 38 46 16 23 0  24 42 6  21 57 38 19 20 46 32 54 71 59 61 38 53 57 30 39 21 39 32 29 
21 9  17 43 25 37 43 30 16 27 17 31 57 46 38 9  39 43 57 10 7  18 42 50 51 36 28 24 0  21 29 20 39 15 15 21 36 18 33 67 57 53 55 43 42 27 36 33 22 11 29 
32 23 37 38 18 42 54 44 8  9  21 27 53 48 24 15 31 41 47 31 15 34 51 55 52 51 35 42 21 0  46 27 20 6  36 42 26 15 12 57 49 40 64 30 25 28 33 43 10 10 30 
17 23 15 46 39 27 20 9  39 50 28 37 54 36 53 31 47 41 60 22 36 13 24 33 43 10 22 6  29 46 0  23 59 43 25 26 47 34 58 70 58 61 32 54 59 30 38 18 42 37 29 
6  11 22 26 16 17 27 17 19 28 6  15 39 26 30 14 25 24 41 22 24 11 24 30 32 24 8  21 20 27 23 0  36 26 29 33 24 13 37 51 40 39 37 32 36 9  19 15 20 20 10 
42 39 54 30 20 44 60 54 23 12 31 26 43 46 11 31 23 37 33 49 35 47 55 56 48 61 41 57 39 20 59 36 0  27 55 61 18 25 13 41 36 25 67 16 7  32 30 49 18 28 34 
30 20 32 41 21 42 53 41 9  15 20 30 56 49 30 12 35 44 52 25 9  30 51 56 54 48 34 38 15 6  43 26 27 0  30 36 31 16 18 62 53 46 64 35 31 29 36 42 13 6  31 
27 19 10 55 39 44 45 31 31 43 29 43 68 54 53 24 53 54 70 7  21 20 46 55 60 35 35 19 15 36 25 29 55 30 0  6  50 32 48 80 69 67 57 57 57 38 48 37 37 26 39 
31 24 12 60 45 47 46 32 37 49 35 48 72 57 59 30 58 58 75 12 27 24 48 57 64 36 39 20 21 42 26 33 61 36 6  0  56 38 54 85 74 72 58 63 63 43 53 40 43 32 43 
30 31 46 12 11 27 43 40 22 19 21 10 27 28 7  27 5  18 21 43 36 36 38 38 29 46 26 46 36 26 47 24 18 31 50 56 0  18 27 31 22 16 49 7  13 17 12 33 17 28 18 
18 14 29 26 7  26 39 30 7  15 6  14 41 33 21 9  21 28 38 25 18 22 36 40 38 37 19 32 18 15 34 13 25 16 32 38 18 0  24 49 39 34 49 25 25 13 20 28 7  11 15 
43 35 49 40 24 49 63 54 19 10 31 32 54 54 23 26 32 45 46 43 27 45 60 63 56 61 43 54 33 12 58 37 13 18 48 54 27 24 0  54 49 38 72 29 20 36 38 52 17 22 38 
56 61 74 25 42 44 58 61 54 48 50 36 19 36 32 58 27 29 10 73 67 63 52 46 32 65 48 71 67 57 70 51 41 62 80 85 31 49 54 0  12 16 58 26 34 42 32 52 48 59 42 
44 50 63 13 32 31 46 49 44 41 40 25 9  25 26 48 18 17 5  62 57 51 40 35 21 53 36 59 57 49 58 40 36 53 69 74 22 39 49 12 0  13 47 20 29 31 21 40 39 50 30 
44 48 62 16 27 37 53 52 38 31 37 24 21 33 16 43 14 23 8  60 52 51 47 43 31 58 39 61 53 40 61 39 25 46 67 72 16 34 38 16 13 0  56 10 18 31 22 45 32 44 31 
34 46 47 40 48 23 12 26 56 62 43 41 39 23 57 52 46 33 51 52 61 37 13 12 26 22 29 38 55 64 32 37 67 64 57 58 49 49 72 58 47 56 0  55 63 36 37 21 56 57 34 
37 38 53 14 18 33 49 47 28 21 28 17 26 32 6  34 8  22 17 50 41 43 44 43 32 53 33 53 43 30 54 32 16 35 57 63 7  25 29 26 20 10 55 0  10 24 17 40 22 34 25 
42 40 55 24 20 41 57 52 26 16 31 23 37 41 6  33 17 31 26 51 39 47 52 52 42 59 39 57 42 25 59 36 7  31 57 63 13 25 20 34 29 18 63 10 0  29 26 47 20 31 31 
13 19 32 17 12 13 28 23 20 26 10 7  30 20 23 20 16 16 32 31 30 20 24 27 25 29 9  30 27 28 30 9  32 29 38 43 17 13 36 42 31 31 36 24 29 0  9  17 19 24 2  
23 29 41 7  15 15 32 30 27 28 19 6  21 16 19 28 9  8  22 41 38 30 26 26 18 36 16 39 36 33 38 19 30 36 48 53 12 20 38 32 21 22 37 17 26 9  0  23 23 31 9  
12 24 28 29 29 8  11 9  34 42 22 23 36 18 40 30 32 23 43 32 39 17 9  17 24 13 8  21 33 43 18 15 49 42 37 40 33 28 52 52 40 45 21 40 47 17 23 0  35 35 15 
26 21 36 28 8  33 46 38 6  7  14 17 43 38 16 13 21 31 38 31 19 29 43 46 42 45 26 39 22 10 42 20 18 13 37 43 17 7  17 48 39 32 56 22 20 19 23 35 0  12 21 
24 13 27 37 17 36 46 35 5  16 14 25 52 44 29 5  32 39 49 21 7  24 44 50 49 42 28 32 11 10 37 20 28 6  26 32 28 11 22 59 50 44 57 34 31 24 31 35 12 0  26 
13 21 32 17 14 11 26 22 23 28 12 8  29 18 24 22 17 14 31 32 32 20 22 25 23 28 8  29 29 30 29 10 34 31 39 43 18 15 38 42 30 31 34 25 31 2  9  15 21 26 0  
------------------cost task1--------------------------------------------------------------------------------------------------------------------------
3449 1866 3449 1866 3449 1866 3449 1866 3449 1866 3453 1866 3453 1866 3453 1866 3449 1866 3453 1866 3449 1866 3449 1866 3453 1866 3453 1866 3453 1866 3449 1866 3453 1866 3449 1866 3449 1866 3449 1866 3449 1866 3449 1866 3449 1866 3449 1866 3449 1866 3449 1866 3449 1866 3453 1866 3449 1866 3449 1866 3449 1866 3453 1866 3449 1866 3449 1866 3449 1866 3449 1866 3449 1866 3453 1866 3449 1866 3449 1866 3449 1866 3453 1866 3449 1866 3449 1866 3449 1866 3449 1866 3449 1866 3449 1866 3449 1866 3453 1866 
-------------------cost task2-------------------------------------------------------------------------------------------------------------------------
917 1633 917 1633 917 1633 917 1633 917 1633 917 1633 917 1633 917 1633 917 1633 917 1633 917 1633 917 1633 917 1633 917 1633 917 1633 917 1633 917 1633 917 1633 917 1633 917 1633 917 1633 917 1633 917 1633 917 1633 917 1633 917 1633 917 1633 917 1633 917 1633 917 1633 917 1633 917 1633 917 1633 917 1633 917 1633 917 1633 917 1633 917 1633 917 1633 917 1633 917 1633 917 1633 917 1633 917 1633 917 1633 917 1633 917 1633 917 1633 917 1633 917 1633 
-------------------rank task1-------------------------------------------------------------------------------------------------------------------------
51 1 52 2 53 3 54 4 55 5 88 6 89 7 90 8 56 9 91 10 57 11 58 12 92 13 93 14 94 15 59 16 95 17 60 18 61 19 62 20 63 21 64 22 65 23 66 24 67 25 68 26 69 27 96 28 70 29 71 30 72 31 97 32 73 33 74 34 75 35 76 36 77 37 98 38 78 39 79 40 80 41 99 42 81 43 82 44 83 45 84 46 85 47 86 48 87 49 100 50 
-------------------rank task2-------------------------------------------------------------------------------------------------------------------------
1 51 2 52 3 53 4 54 5 55 6 56 7 57 8 58 9 59 10 60 11 61 12 62 13 63 14 64 15 65 16 66 17 67 18 68 19 69 20 70 21 71 22 72 23 73 24 74 25 75 26 76 27 77 28 78 29 79 30 80 31 81 32 82 33 83 34 84 35 85 36 86 37 87 38 88 39 89 40 90 41 91 42 92 43 93 44 94 45 95 46 96 47 97 48 98 49 99 50 100 
-------------------skill factor-------------------------------------------------------------------------------------------------------------------------
2 1 2 1 2 1 2 1 2 1 2 1 2 1 2 1 2 1 2 1 2 1 2 1 2 1 2 1 2 1 2 1 2 1 2 1 2 1 2 1 2 1 2 1 2 1 2 1 2 1 2 1 2 1 2 1 2 1 2 1 2 1 2 1 2 1 2 1 2 1 2 1 2 1 2 1 2 1 2 1 2 1 2 1 2 1 2 1 2 1 2 1 2 1 2 1 2 1 2 1 
--------------------scalar fitness------------------------------------------------------------------------------------------------------------------------
1.00 1.00 0.50 0.50 0.33 0.33 0.25 0.25 0.20 0.20 0.17 0.17 0.14 0.14 0.12 0.12 0.11 0.11 0.10 0.10 0.09 0.09 0.08 0.08 0.08 0.08 0.07 0.07 0.07 0.07 0.06 0.06 0.06 0.06 0.06 0.06 0.05 0.05 0.05 0.05 0.05 0.05 0.05 0.05 0.04 0.04 0.04 0.04 0.04 0.04 0.04 0.04 0.04 0.04 0.04 0.04 0.03 0.03 0.03 0.03 0.03 0.03 0.03 0.03 0.03 0.03 0.03 0.03 0.03 0.03 0.03 0.03 0.03 0.03 0.03 0.03 0.03 0.03 0.03 0.03 0.02 0.02 0.02 0.02 0.02 0.02 0.02 0.02 0.02 0.02 0.02 0.02 0.02 0.02 0.02 0.02 0.02 0.02 0.02 0.02 
-------------------divergent------------------------------------------------------------------------------------------------------------------------
0 10 19 18 18 19 18 13 11 10 13 13 10 10 8 6 5 7 5 4 2 3 3 2 3 3 3 2 3 2 3 3 1 1 1 3 3 4 3 2 2 4 5 3 1 0 0 0 1 1 0 0 0 0 0 0 0 1 0 0 0 0 0 0 0 0 0 0 1 1 2 2 1 0 0 0 0 0 0 0 0 0 0 0 0 0 0 0 0 0 0 0 0 0 0 0 0 0 0 0 0 0 0 0 0 0 0 0 0 0 0 0 0 0 0 0 0 0 0 0 0 0 0 0 0 0 0 0 0 0 0 0 0 0 0 0 0 0 0 0 0 0 0 0 0 0 0 0 0 0 0 0 0 0 0 0 0 0 0 0 0 0 0 0 0 0 0 0 0 0 0 0 0 0 0 0 0 0 0 0 0 0 0 0 0 0 0 0 0 0 0 0 0 0 0 0 0 0 0 0 0 0 0 0 0 0 0 0 0 0 0 0 0 0 0 0 0 0 0 0 0 0 0 0 0 0 0 0 0 0 0 0 0 0 0 0 0 0 0 0 0 0 0 0 0 0 0 0 0 0 0 0 0 0 0 0 0 0 0 0 0 0 0 0 0 0 0 0 0 0 0 0 0 0 0 0 0 0 0 0 0 0 0 0 0 0 0 0 0 0 0 0 0 0 0 0 0 0 0 0 0 0 0 0 0 0 0 0 0 0 0 0 0 0 0 0 0 0 0 0 0 0 0 0 0 0 0 0 0 0 0 0 0 0 0 0 0 0 0 0 0 0 0 0 0 0 0 0 0 0 0 0 0 0 0 0 0 0 0 0 0 0 0 0 0 0 0 0 0 0 0 0 0 0 0 0 0 0 0 0 0 0 0 0 0 0 0 0 0 0 0 0 0 0 0 0 0 0 0 0 0 0 0 0 0 0 0 0 0 0 0 0 0 0 0 0 0 0 0 0 0 0 0 0 0 0 0 0 0 0 0 0 0 0 0 0 0 0 0 0 0 0 0 0 0 0 0 0 0 0 0 0 0 0 0 0 0 0 0 0 0 0 0 0 0 0 0 0 0 0 0 0 0 0 0 0 0 0 0 0 0 0 0 0 0 0 0 0 0 0 0 0 0 0 0 0 0 0 0 0 
-------------------lamda------------------------------------------------------------------------------------------------------------------------
0.00 1.00 0.95 1.00 1.00 0.95 0.72 0.85 0.91 1.00 1.00 0.77 1.00 0.80 0.75 0.83 1.00 0.71 0.80 0.50 1.00 1.00 0.67 1.00 1.00 1.00 0.67 1.00 0.67 1.00 1.00 0.33 1.00 1.00 1.00 1.00 1.00 0.75 0.67 1.00 1.00 1.00 0.60 0.33 0.00 0.00 0.00 0.00 1.00 0.00 0.00 0.00 0.00 0.00 0.00 0.00 0.00 0.00 0.00 0.00 0.00 0.00 0.00 0.00 0.00 0.00 0.00 0.00 1.00 1.00 1.00 0.50 0.00 0.00 0.00 0.00 0.00 0.00 0.00 0.00 0.00 0.00 0.00 0.00 0.00 0.00 0.00 0.00 0.00 0.00 0.00 0.00 0.00 0.00 0.00 0.00 0.00 0.00 0.00 0.00 0.00 0.00 0.00 0.00 0.00 0.00 0.00 0.00 0.00 0.00 0.00 0.00 0.00 0.00 0.00 0.00 0.00 0.00 0.00 0.00 0.00 0.00 0.00 0.00 0.00 0.00 0.00 0.00 0.00 0.00 0.00 0.00 0.00 0.00 0.00 0.00 0.00 0.00 0.00 0.00 0.00 0.00 0.00 0.00 0.00 0.00 0.00 0.00 0.00 0.00 0.00 0.00 0.00 0.00 0.00 0.00 0.00 0.00 0.00 0.00 0.00 0.00 0.00 0.00 0.00 0.00 0.00 0.00 0.00 0.00 0.00 0.00 0.00 0.00 0.00 0.00 0.00 0.00 0.00 0.00 0.00 0.00 0.00 0.00 0.00 0.00 0.00 0.00 0.00 0.00 0.00 0.00 0.00 0.00 0.00 0.00 0.00 0.00 0.00 0.00 0.00 0.00 0.00 0.00 0.00 0.00 0.00 0.00 0.00 0.00 0.00 0.00 0.00 0.00 0.00 0.00 0.00 0.00 0.00 0.00 0.00 0.00 0.00 0.00 0.00 0.00 0.00 0.00 0.00 0.00 0.00 0.00 0.00 0.00 0.00 0.00 0.00 0.00 0.00 0.00 0.00 0.00 0.00 0.00 0.00 0.00 0.00 0.00 0.00 0.00 0.00 0.00 0.00 0.00 0.00 0.00 0.00 0.00 0.00 0.00 0.00 0.00 0.00 0.00 0.00 0.00 0.00 0.00 0.00 0.00 0.00 0.00 0.00 0.00 0.00 0.00 0.00 0.00 0.00 0.00 0.00 0.00 0.00 0.00 0.00 0.00 0.00 0.00 0.00 0.00 0.00 0.00 0.00 0.00 0.00 0.00 0.00 0.00 0.00 0.00 0.00 0.00 0.00 0.00 0.00 0.00 0.00 0.00 0.00 0.00 0.00 0.00 0.00 0.00 0.00 0.00 0.00 0.00 0.00 0.00 0.00 0.00 0.00 0.00 0.00 0.00 0.00 0.00 0.00 0.00 0.00 0.00 0.00 0.00 0.00 0.00 0.00 0.00 0.00 0.00 0.00 0.00 0.00 0.00 0.00 0.00 0.00 0.00 0.00 0.00 0.00 0.00 0.00 0.00 0.00 0.00 0.00 0.00 0.00 0.00 0.00 0.00 0.00 0.00 0.00 0.00 0.00 0.00 0.00 0.00 0.00 0.00 0.00 0.00 0.00 0.00 0.00 0.00 0.00 0.00 0.00 0.00 0.00 0.00 0.00 0.00 0.00 0.00 0.00 0.00 0.00 0.00 0.00 0.00 0.00 0.00 0.00 0.00 0.00 0.00 0.00 0.00 0.00 0.00 0.00 0.00 0.00 0.00 0.00 0.00 0.00 0.00 0.00 0.00 0.00 0.00 0.00 0.00 0.00 0.00 0.00 0.00 0.00 0.00 0.00 0.00 0.00 0.00 0.00 0.00 0.00 0.00 0.00 0.00 0.00 0.00 0.00 0.00 0.00 0.00 0.00 0.00 0.00 0.00 0.00 0.00 0.00 0.00 0.00 0.00 0.00 0.00 0.00 0.00 0.00 0.00 0.00 0.00 0.00 0.00 0.00 0.00 0.00 0.00 0.00 0.00 0.00 0.00 0.00 0.00 0.00 0.00 0.00 0.00 0.00 0.00 0.00 0.00 0.00 0.00 0.00 0.00 0.00 0.00 0.00 0.00 0.00 0.00 0.00 0.00 0.00 0.00 0.00 0.00 0.00 0.00 0.00 0.00 0.00 0.00 
--------------------------------------------------------------------------------------------------------------------------------------------
0 0 0 0 0 0 0 0 0 0 0 0 0 0 0 0 0 0 0 0 0 0 0 0 0 0 0 0 0 0 0 0 0 0 0 0 0 0 0 0 0 0 0 0 0 0 0 0 0 0 0 0 0 0 0 0 0 0 0 0 0 0 0 0 0 0 0 0 0 0 0 0 0 0 0 0 0 0 0 0 0 0 0 0 0 0 0 0 0 0 0 0 0 0 0 0 0 0 0 0 0 0 0 0 0 0 0 0 0 0 0 0 0 0 0 0 0 0 0 0 0 0 0 0 0 0 0 0 0 0 0 0 0 0 0 0 0 0 0 0 0 0 0 0 0 0 0 0 0 0 0 0 0 0 0 0 0 0 0 0 0 0 0 0 0 0 0 0 0 0 0 0 0 0 0 0 0 0 0 0 0 0 0 0 0 0 0 0 0 0 0 0 0 0 0 0 0 0 0 0 
