-----------------Task1---------------------------------------------------------------------------------------------------------------------------
44 28 69 46 47 74 64 29 16 5  1  20 22 15 48 24 17 23 49 9  51 63 68 14 19 75 18 70 10 52 58 7  27 50 40 41 31 8  43 38 25 11 55 0  72 59 32 6  71 34 62 57 13 12 66 53 65 33 42 21 61 4  35 36 73 3  37 30 2  67 60 54 39 45 26 56 
26 47 46 69 56 53 64 54 16 67 5  63 22 15 48 24 17 23 49 9  30 20 68 14 19 75 32 11 39 13 58 7  27 50 40 41 31 8  43 38 25 70 21 0  60 59 18 6  71 37 2  57 52 65 10 12 29 72 42 55 61 4  35 36 73 3  34 51 62 1  33 74 66 45 44 28 
44 28 69 46 47 74 64 29 16 5  1  20 22 15 48 24 17 23 49 9  51 63 68 14 19 75 18 70 10 52 58 7  27 50 40 41 31 8  43 38 25 11 55 0  72 59 32 6  71 34 62 57 13 12 66 53 65 33 42 21 61 4  35 36 73 3  37 30 2  67 60 54 39 45 26 56 
26 47 46 69 56 53 64 54 16 67 5  63 22 15 48 24 17 23 49 9  30 20 68 14 19 75 32 11 39 13 58 7  27 50 40 41 31 8  43 38 25 70 21 0  60 59 18 6  71 37 2  57 52 65 10 12 29 72 42 55 61 4  35 36 73 3  34 51 62 1  33 74 66 45 44 28 
44 28 69 46 47 74 64 29 16 5  1  20 22 15 48 24 17 23 49 9  51 63 68 14 19 75 18 70 10 52 58 7  27 50 40 41 31 8  43 38 25 11 55 0  72 59 32 6  71 34 62 57 13 12 66 53 65 33 42 21 61 4  35 36 73 3  37 30 2  67 60 54 39 45 26 56 
26 47 46 69 56 53 64 54 16 67 5  63 22 15 48 24 17 23 49 9  30 20 68 14 19 75 32 11 39 13 58 7  27 50 40 41 31 8  43 38 25 70 21 0  60 59 18 6  71 37 2  57 52 65 10 12 29 72 42 55 61 4  35 36 73 3  34 51 62 1  33 74 66 45 44 28 
44 28 69 46 47 74 64 29 16 5  1  20 22 15 48 24 17 23 49 9  51 63 68 14 19 75 18 70 10 52 58 7  27 50 40 41 31 8  43 38 25 11 55 0  72 59 32 6  71 34 62 57 13 12 66 53 65 33 42 21 61 4  35 36 73 3  37 30 2  67 60 54 39 45 26 56 
26 47 46 69 56 53 64 54 16 67 5  63 22 15 48 24 17 23 49 9  30 20 68 14 19 75 32 11 39 13 58 7  27 50 40 41 31 8  43 38 25 70 21 0  60 59 18 6  71 37 2  57 52 65 10 12 29 72 42 55 61 4  35 36 73 3  34 51 62 1  33 74 66 45 44 28 
44 28 69 46 47 74 64 29 16 5  1  20 22 15 48 24 17 23 49 9  51 63 68 14 19 75 18 70 10 52 58 7  27 50 40 41 31 8  43 38 25 11 55 0  72 59 32 6  71 34 62 57 13 12 66 53 65 33 42 21 61 4  35 36 73 3  37 30 2  67 60 54 39 45 26 56 
26 47 46 69 56 53 64 54 16 67 5  63 22 15 48 24 17 23 49 9  30 20 68 14 19 75 32 11 39 13 58 7  27 50 40 41 31 8  43 38 25 70 21 0  60 59 18 6  71 37 2  57 52 65 10 12 29 72 42 55 61 4  35 36 73 3  34 51 62 1  33 74 66 45 44 28 
44 28 69 46 47 74 64 29 16 5  1  20 22 15 48 24 17 23 49 9  51 63 68 14 19 75 18 70 10 52 58 7  27 50 40 41 31 8  43 38 25 11 55 0  72 59 32 6  71 34 62 57 13 12 66 53 65 33 42 21 61 4  35 36 73 3  37 30 2  67 60 54 39 45 26 56 
26 47 46 69 56 53 64 54 16 67 5  63 22 15 48 24 17 23 49 9  30 20 68 14 19 75 32 11 39 13 58 7  27 50 40 41 31 8  43 38 25 70 21 0  60 59 18 6  71 37 2  57 52 65 10 12 29 72 42 55 61 4  35 36 73 3  34 51 62 1  33 74 66 45 44 28 
44 28 69 46 47 74 64 29 16 5  1  20 22 15 48 24 17 23 49 9  51 63 68 14 19 75 18 70 10 52 58 7  27 50 40 41 31 8  43 38 25 11 55 0  72 59 32 6  71 34 62 57 13 12 66 53 65 33 42 21 61 4  35 36 73 3  37 30 2  67 60 54 39 45 26 56 
26 47 46 69 56 53 64 54 16 67 5  63 22 15 48 24 17 23 49 9  30 20 68 14 19 75 32 11 39 13 58 7  27 50 40 41 31 8  43 38 25 70 21 0  60 59 18 6  71 37 2  57 52 65 10 12 29 72 42 55 61 4  35 36 73 3  34 51 62 1  33 74 66 45 44 28 
44 28 69 46 47 74 64 29 16 5  1  20 22 15 48 24 17 23 49 9  51 63 68 14 19 75 18 70 10 52 58 7  27 50 40 41 31 8  43 38 25 11 55 0  72 59 32 6  71 34 62 57 13 12 66 53 65 33 42 21 61 4  35 36 73 3  37 30 2  67 60 54 39 45 26 56 
26 47 46 69 56 53 64 54 16 67 5  63 22 15 48 24 17 23 49 9  30 20 68 14 19 75 32 11 39 13 58 7  27 50 40 41 31 8  43 38 25 70 21 0  60 59 18 6  71 37 2  57 52 65 10 12 29 72 42 55 61 4  35 36 73 3  34 51 62 1  33 74 66 45 44 28 
44 28 69 46 47 74 64 29 16 5  1  20 22 15 48 24 17 23 49 9  51 63 68 14 19 75 18 70 10 52 58 7  27 50 40 41 31 8  43 38 25 11 55 0  72 59 32 6  71 34 62 57 13 12 66 53 65 33 42 21 61 4  35 36 73 3  37 30 2  67 60 54 39 45 26 56 
26 47 46 69 56 53 64 54 16 67 5  63 22 15 48 24 17 23 49 9  30 20 68 14 19 75 32 11 39 13 58 7  27 50 40 41 31 8  43 38 25 70 21 0  60 59 18 6  71 37 2  57 52 65 10 12 29 72 42 55 61 4  35 36 73 3  34 51 62 1  33 74 66 45 44 28 
44 28 69 46 47 74 64 29 16 5  1  20 22 15 48 24 17 23 49 9  51 63 68 14 19 75 18 70 10 52 58 7  27 50 40 41 31 8  43 38 25 11 55 0  72 59 32 6  71 34 62 57 13 12 66 53 65 33 42 21 61 4  35 36 73 3  37 30 2  67 60 54 39 45 26 56 
26 47 46 69 56 53 64 54 16 67 5  63 22 15 48 24 17 23 49 9  30 20 68 14 19 75 32 11 39 13 58 7  27 50 40 41 31 8  43 38 25 70 21 0  60 59 18 6  71 37 2  57 52 65 10 12 29 72 42 55 61 4  35 36 73 3  34 51 62 1  33 74 66 45 44 28 
44 28 69 46 47 74 64 29 16 5  1  20 22 15 48 24 17 23 49 9  51 63 68 14 19 75 18 70 10 52 58 7  27 50 40 41 31 8  43 38 25 11 55 0  72 59 32 6  71 34 62 57 13 12 66 53 65 33 42 21 61 4  35 36 73 3  37 30 2  67 60 54 39 45 26 56 
26 47 46 69 56 53 64 54 16 67 5  63 22 15 48 24 17 23 49 9  30 20 68 14 19 75 32 11 39 13 58 7  27 50 40 41 31 8  43 38 25 70 21 0  60 59 18 6  71 37 2  57 52 65 10 12 29 72 42 55 61 4  35 36 73 3  34 51 62 1  33 74 66 45 44 28 
44 28 69 46 47 74 64 29 16 5  1  20 22 15 48 24 17 23 49 9  51 63 68 14 19 75 18 70 10 52 58 7  27 50 40 41 31 8  43 38 25 11 55 0  72 59 32 6  71 34 62 57 13 12 66 53 65 33 42 21 61 4  35 36 73 3  37 30 2  67 60 54 39 45 26 56 
26 47 46 69 56 53 64 54 16 67 5  63 22 15 48 24 17 23 49 9  30 20 68 14 19 75 32 11 39 13 58 7  27 50 40 41 31 8  43 38 25 70 21 0  60 59 18 6  71 37 2  57 52 65 10 12 29 72 42 55 61 4  35 36 73 3  34 51 62 1  33 74 66 45 44 28 
44 28 69 46 47 74 64 29 16 5  1  20 22 15 48 24 17 23 49 9  51 63 68 14 19 75 18 70 10 52 58 7  27 50 40 41 31 8  43 38 25 11 55 0  72 59 32 6  71 34 62 57 13 12 66 53 65 33 42 21 61 4  35 36 73 3  37 30 2  67 60 54 39 45 26 56 
26 47 46 69 56 53 64 54 16 67 5  63 22 15 48 24 17 23 49 9  30 20 68 14 19 75 32 11 39 13 58 7  27 50 40 41 31 8  43 38 25 70 21 0  60 59 18 6  71 37 2  57 52 65 10 12 29 72 42 55 61 4  35 36 73 3  34 51 62 1  33 74 66 45 44 28 
44 28 69 46 47 74 64 29 16 5  1  20 22 15 48 24 17 23 49 9  51 63 68 14 19 75 18 70 10 52 58 7  27 50 40 41 31 8  43 38 25 11 55 0  72 59 32 6  71 34 62 57 13 12 66 53 65 33 42 21 61 4  35 36 73 3  37 30 2  67 60 54 39 45 26 56 
26 47 46 69 56 53 64 54 16 67 5  63 22 15 48 24 17 23 49 9  30 20 68 14 19 75 32 11 39 13 58 7  27 50 40 41 31 8  43 38 25 70 21 0  60 59 18 6  71 37 2  57 52 65 10 12 29 72 42 55 61 4  35 36 73 3  34 51 62 1  33 74 66 45 44 28 
44 28 69 46 47 74 64 29 16 5  1  20 22 15 48 24 17 23 49 9  51 63 68 14 19 75 18 70 10 52 58 7  27 50 40 41 31 8  43 38 25 11 55 0  72 59 32 6  71 34 62 57 13 12 66 53 65 33 42 21 61 4  35 36 73 3  37 30 2  67 60 54 39 45 26 56 
26 47 46 69 56 53 64 54 16 67 5  63 22 15 48 24 17 23 49 9  30 20 68 14 19 75 32 11 39 13 58 7  27 50 40 41 31 8  43 38 25 70 21 0  60 59 18 6  71 37 2  57 52 65 10 12 29 72 42 55 61 4  35 36 73 3  34 51 62 1  33 74 66 45 44 28 
44 28 69 46 47 74 64 29 16 5  1  20 22 15 48 24 17 23 49 9  51 63 68 14 19 75 18 70 10 52 58 7  27 50 40 41 31 8  43 38 25 11 55 0  72 59 32 6  71 34 62 57 13 12 66 53 65 33 42 21 61 4  35 36 73 3  37 30 2  67 60 54 39 45 26 56 
26 47 46 69 56 53 64 54 16 67 5  63 22 15 48 24 17 23 49 9  30 20 68 14 19 75 32 11 39 13 58 7  27 50 40 41 31 8  43 38 25 70 21 0  60 59 18 6  71 37 2  57 52 65 10 12 29 72 42 55 61 4  35 36 73 3  34 51 62 1  33 74 66 45 44 28 
44 28 69 46 47 74 64 29 16 5  1  20 22 15 48 24 17 23 49 9  51 63 68 14 19 75 18 70 10 52 58 7  27 50 40 41 31 8  43 38 25 11 55 0  72 59 32 6  71 34 62 57 13 12 66 53 65 33 42 21 61 4  35 36 73 3  37 30 2  67 60 54 39 45 26 56 
26 47 46 69 56 53 64 54 16 67 5  63 22 15 48 24 17 23 49 9  30 20 68 14 19 75 32 11 39 13 58 7  27 50 40 41 31 8  43 38 25 70 21 0  60 59 18 6  71 37 2  57 52 65 10 12 29 72 42 55 61 4  35 36 73 3  34 51 62 1  33 74 66 45 44 28 
44 28 69 46 47 74 64 29 16 5  1  20 22 15 48 24 17 23 49 9  51 63 68 14 19 75 18 70 10 52 58 7  27 50 40 41 31 8  43 38 25 11 55 0  72 59 32 6  71 34 62 57 13 12 66 53 65 33 42 21 61 4  35 36 73 3  37 30 2  67 60 54 39 45 26 56 
26 47 46 69 56 53 64 54 16 67 5  63 22 15 48 24 17 23 49 9  30 20 68 14 19 75 32 11 39 13 58 7  27 50 40 41 31 8  43 38 25 70 21 0  60 59 18 6  71 37 2  57 52 65 10 12 29 72 42 55 61 4  35 36 73 3  34 51 62 1  33 74 66 45 44 28 
44 28 69 46 47 74 64 29 16 5  1  20 22 15 48 24 17 23 49 9  51 63 68 14 19 75 18 70 10 52 58 7  27 50 40 41 31 8  43 38 25 11 55 0  72 59 32 6  71 34 62 57 13 12 66 53 65 33 42 21 61 4  35 36 73 3  37 30 2  67 60 54 39 45 26 56 
26 47 46 69 56 53 64 54 16 67 5  63 22 15 48 24 17 23 49 9  30 20 68 14 19 75 32 11 39 13 58 7  27 50 40 41 31 8  43 38 25 70 21 0  60 59 18 6  71 37 2  57 52 65 10 12 29 72 42 55 61 4  35 36 73 3  34 51 62 1  33 74 66 45 44 28 
44 28 69 46 47 74 64 29 16 5  1  20 22 15 48 24 17 23 49 9  51 63 68 14 19 75 18 70 10 52 58 7  27 50 40 41 31 8  43 38 25 11 55 0  72 59 32 6  71 34 62 57 13 12 66 53 65 33 42 21 61 4  35 36 73 3  37 30 2  67 60 54 39 45 26 56 
26 47 46 69 56 53 64 54 16 67 5  63 22 15 48 24 17 23 49 9  30 20 68 14 19 75 32 11 39 13 58 7  27 50 40 41 31 8  43 38 25 70 21 0  60 59 18 6  71 37 2  57 52 65 10 12 29 72 42 55 61 4  35 36 73 3  34 51 62 1  33 74 66 45 44 28 
44 28 69 46 47 74 64 29 16 5  1  20 22 15 48 24 17 23 49 9  51 63 68 14 19 75 18 70 10 52 58 7  27 50 40 41 31 8  43 38 25 11 55 0  72 59 32 6  71 34 62 57 13 12 66 53 65 33 42 21 61 4  35 36 73 3  37 30 2  67 60 54 39 45 26 56 
26 47 46 69 56 53 64 54 16 67 5  63 22 15 48 24 17 23 49 9  30 20 68 14 19 75 32 11 39 13 58 7  27 50 40 41 31 8  43 38 25 70 21 0  60 59 18 6  71 37 2  57 52 65 10 12 29 72 42 55 61 4  35 36 73 3  34 51 62 1  33 74 66 45 44 28 
44 28 69 46 47 74 64 29 16 5  1  20 22 15 48 24 17 23 49 9  51 63 68 14 19 75 18 70 10 52 58 7  27 50 40 41 31 8  43 38 25 11 55 0  72 59 32 6  71 34 62 57 13 12 66 53 65 33 42 21 61 4  35 36 73 3  37 30 2  67 60 54 39 45 26 56 
26 47 46 69 56 53 64 54 16 67 5  63 22 15 48 24 17 23 49 9  30 20 68 14 19 75 32 11 39 13 58 7  27 50 40 41 31 8  43 38 25 70 21 0  60 59 18 6  71 37 2  57 52 65 10 12 29 72 42 55 61 4  35 36 73 3  34 51 62 1  33 74 66 45 44 28 
44 28 69 46 47 74 64 29 16 5  1  20 22 15 48 24 17 23 49 9  51 63 68 14 19 75 18 70 10 52 58 7  27 50 40 41 31 8  43 38 25 11 55 0  72 59 32 6  71 34 62 57 13 12 66 53 65 33 42 21 61 4  35 36 73 3  37 30 2  67 60 54 39 45 26 56 
26 47 46 69 56 53 64 54 16 67 5  63 22 15 48 24 17 23 49 9  30 20 68 14 19 75 32 11 39 13 58 7  27 50 40 41 31 8  43 38 25 70 21 0  60 59 18 6  71 37 2  57 52 65 10 12 29 72 42 55 61 4  35 36 73 3  34 51 62 1  33 74 66 45 44 28 
44 28 69 46 47 74 64 29 16 5  1  20 22 15 48 24 17 23 49 9  51 63 68 14 19 75 18 70 10 52 58 7  27 50 40 41 31 8  43 38 25 11 55 0  72 59 32 6  71 34 62 57 13 12 66 53 65 33 42 21 61 4  35 36 73 3  37 30 2  67 60 54 39 45 26 56 
26 47 46 69 56 53 64 54 16 67 5  63 22 15 48 24 17 23 49 9  30 20 68 14 19 75 32 11 39 13 58 7  27 50 40 41 31 8  43 38 25 70 21 0  60 59 18 6  71 37 2  57 52 65 10 12 29 72 42 55 61 4  35 36 73 3  34 51 62 1  33 74 66 45 44 28 
44 28 69 46 47 74 64 29 16 5  1  20 22 15 48 24 17 23 49 9  51 63 68 14 19 75 18 70 10 52 58 7  27 50 40 41 31 8  43 38 25 11 55 0  72 59 32 6  71 34 62 57 13 12 66 53 65 33 42 21 61 4  35 36 73 3  37 30 2  67 60 54 39 45 26 56 
26 47 46 69 56 53 64 54 16 67 5  63 22 15 48 24 17 23 49 9  30 20 68 14 19 75 32 11 39 13 58 7  27 50 40 41 31 8  43 38 25 70 21 0  60 59 18 6  71 37 2  57 52 65 10 12 29 72 42 55 61 4  35 36 73 3  34 51 62 1  33 74 66 45 44 28 
44 28 69 46 47 74 64 29 16 5  1  20 22 15 48 24 17 23 49 9  51 63 68 14 19 75 18 70 10 52 58 7  27 50 40 41 31 8  43 38 25 11 55 0  72 59 32 6  71 34 62 57 13 12 66 53 65 33 42 21 61 4  35 36 73 3  37 30 2  67 60 54 39 45 26 56 
26 47 46 69 56 53 64 54 16 67 5  63 22 15 48 24 17 23 49 9  30 20 68 14 19 75 32 11 39 13 58 7  27 50 40 41 31 8  43 38 25 70 21 0  60 59 18 6  71 37 2  57 52 65 10 12 29 72 42 55 61 4  35 36 73 3  34 51 62 1  33 74 66 45 44 28 
44 28 69 46 47 74 64 29 16 5  1  20 22 15 48 24 17 23 49 9  51 63 68 14 19 75 18 70 10 52 58 7  27 50 40 41 31 8  43 38 25 11 55 0  72 59 32 6  71 34 62 57 13 12 66 53 65 33 42 21 61 4  35 36 73 3  37 30 2  67 60 54 39 45 26 56 
26 47 46 69 56 53 64 54 16 67 5  63 22 15 48 24 17 23 49 9  30 20 68 14 19 75 32 11 39 13 58 7  27 50 40 41 31 8  43 38 25 70 21 0  60 59 18 6  71 37 2  57 52 65 10 12 29 72 42 55 61 4  35 36 73 3  34 51 62 1  33 74 66 45 44 28 
44 28 69 46 47 74 64 29 16 5  1  20 22 15 48 24 17 23 49 9  51 63 68 14 19 75 18 70 10 52 58 7  27 50 40 41 31 8  43 38 25 11 55 0  72 59 32 6  71 34 62 57 13 12 66 53 65 33 42 21 61 4  35 36 73 3  37 30 2  67 60 54 39 45 26 56 
26 47 46 69 56 53 64 54 16 67 5  63 22 15 48 24 17 23 49 9  30 20 68 14 19 75 32 11 39 13 58 7  27 50 40 41 31 8  43 38 25 70 21 0  60 59 18 6  71 37 2  57 52 65 10 12 29 72 42 55 61 4  35 36 73 3  34 51 62 1  33 74 66 45 44 28 
44 28 69 46 47 74 64 29 16 5  1  20 22 15 48 24 17 23 49 9  51 63 68 14 19 75 18 70 10 52 58 7  27 50 40 41 31 8  43 38 25 11 55 0  72 59 32 6  71 34 62 57 13 12 66 53 65 33 42 21 61 4  35 36 73 3  37 30 2  67 60 54 39 45 26 56 
26 47 46 69 56 53 64 54 16 67 5  63 22 15 48 24 17 23 49 9  30 20 68 14 19 75 32 11 39 13 58 7  27 50 40 41 31 8  43 38 25 70 21 0  60 59 18 6  71 37 2  57 52 65 10 12 29 72 42 55 61 4  35 36 73 3  34 51 62 1  33 74 66 45 44 28 
44 28 69 46 47 74 64 29 16 5  1  20 22 15 48 24 17 23 49 9  51 63 68 14 19 75 18 70 10 52 58 7  27 50 40 41 31 8  43 38 25 11 55 0  72 59 32 6  71 34 62 57 13 12 66 53 65 33 42 21 61 4  35 36 73 3  37 30 2  67 60 54 39 45 26 56 
26 47 46 69 56 53 64 54 16 67 5  63 22 15 48 24 17 23 49 9  30 20 68 14 19 75 32 11 39 13 58 7  27 50 40 41 31 8  43 38 25 70 21 0  60 59 18 6  71 37 2  57 52 65 10 12 29 72 42 55 61 4  35 36 73 3  34 51 62 1  33 74 66 45 44 28 
44 28 69 46 47 74 64 29 16 5  1  20 22 15 48 24 17 23 49 9  51 63 68 14 19 75 18 70 10 52 58 7  27 50 40 41 31 8  43 38 25 11 55 0  72 59 32 6  71 34 62 57 13 12 66 53 65 33 42 21 61 4  35 36 73 3  37 30 2  67 60 54 39 45 26 56 
26 47 46 69 56 53 64 54 16 67 5  63 22 15 48 24 17 23 49 9  30 20 68 14 19 75 32 11 39 13 58 7  27 50 40 41 31 8  43 38 25 70 21 0  60 59 18 6  71 37 2  57 52 65 10 12 29 72 42 55 61 4  35 36 73 3  34 51 62 1  33 74 66 45 44 28 
44 28 69 46 47 74 64 29 16 5  1  20 22 15 48 24 17 23 49 9  51 63 68 14 19 75 18 70 10 52 58 7  27 50 40 41 31 8  43 38 25 11 55 0  72 59 32 6  71 34 62 57 13 12 66 53 65 33 42 21 61 4  35 36 73 3  37 30 2  67 60 54 39 45 26 56 
26 47 46 69 56 53 64 54 16 67 5  63 22 15 48 24 17 23 49 9  30 20 68 14 19 75 32 11 39 13 58 7  27 50 40 41 31 8  43 38 25 70 21 0  60 59 18 6  71 37 2  57 52 65 10 12 29 72 42 55 61 4  35 36 73 3  34 51 62 1  33 74 66 45 44 28 
44 28 69 46 47 74 64 29 16 5  1  20 22 15 48 24 17 23 49 9  51 63 68 14 19 75 18 70 10 52 58 7  27 50 40 41 31 8  43 38 25 11 55 0  72 59 32 6  71 34 62 57 13 12 66 53 65 33 42 21 61 4  35 36 73 3  37 30 2  67 60 54 39 45 26 56 
26 47 46 69 56 53 64 54 16 67 5  63 22 15 48 24 17 23 49 9  30 20 68 14 19 75 32 11 39 13 58 7  27 50 40 41 31 8  43 38 25 70 21 0  60 59 18 6  71 37 2  57 52 65 10 12 29 72 42 55 61 4  35 36 73 3  34 51 62 1  33 74 66 45 44 28 
44 28 69 46 47 74 64 29 16 5  1  20 22 15 48 24 17 23 49 9  51 63 68 14 19 75 18 70 10 52 58 7  27 50 40 41 31 8  43 38 25 11 55 0  72 59 32 6  71 34 62 57 13 12 66 53 65 33 42 21 61 4  35 36 73 3  37 30 2  67 60 54 39 45 26 56 
26 47 46 69 56 53 64 54 16 67 5  63 22 15 48 24 17 23 49 9  30 20 68 14 19 75 32 11 39 13 58 7  27 50 40 41 31 8  43 38 25 70 21 0  60 59 18 6  71 37 2  57 52 65 10 12 29 72 42 55 61 4  35 36 73 3  34 51 62 1  33 74 66 45 44 28 
44 28 69 46 47 74 64 29 16 5  1  20 22 15 48 24 17 23 49 9  51 63 68 14 19 75 18 70 10 52 58 7  27 50 40 41 31 8  43 38 25 11 55 0  72 59 32 6  71 34 62 57 13 12 66 53 65 33 42 21 61 4  35 36 73 3  37 30 2  67 60 54 39 45 26 56 
26 47 46 69 56 53 64 54 16 67 5  63 22 15 48 24 17 23 49 9  30 20 68 14 19 75 32 11 39 13 58 7  27 50 40 41 31 8  43 38 25 70 21 0  60 59 18 6  71 37 2  57 52 65 10 12 29 72 42 55 61 4  35 36 73 3  34 51 62 1  33 74 66 45 44 28 
44 28 69 46 47 74 64 29 16 5  1  20 22 15 48 24 17 23 49 9  51 63 68 14 19 75 18 70 10 52 58 7  27 50 40 41 31 8  43 38 25 11 55 0  72 59 32 6  71 34 62 57 13 12 66 53 65 33 42 21 61 4  35 36 73 3  37 30 2  67 60 54 39 45 26 56 
26 47 46 69 56 53 64 54 16 67 5  63 22 15 48 24 17 23 49 9  30 20 68 14 19 75 32 11 39 13 58 7  27 50 40 41 31 8  43 38 25 70 21 0  60 59 18 6  71 37 2  57 52 65 10 12 29 72 42 55 61 4  35 36 73 3  34 51 62 1  33 74 66 45 44 28 
44 28 69 46 47 74 64 29 16 5  1  20 22 15 48 24 17 23 49 9  51 63 68 14 19 75 18 70 10 52 58 7  27 50 40 41 31 8  43 38 25 11 55 0  72 59 32 6  71 34 62 57 13 12 66 53 65 33 42 21 61 4  35 36 73 3  37 30 2  67 60 54 39 45 26 56 
26 47 46 69 56 53 64 54 16 67 5  63 22 15 48 24 17 23 49 9  30 20 68 14 19 75 32 11 39 13 58 7  27 50 40 41 31 8  43 38 25 70 21 0  60 59 18 6  71 37 2  57 52 65 10 12 29 72 42 55 61 4  35 36 73 3  34 51 62 1  33 74 66 45 44 28 
44 28 69 46 47 74 64 29 16 5  1  20 22 15 48 24 17 23 49 9  51 63 68 14 19 75 18 70 10 52 58 7  27 50 40 41 31 8  43 38 25 11 55 0  72 59 32 6  71 34 62 57 13 12 66 53 65 33 42 21 61 4  35 36 73 3  37 30 2  67 60 54 39 45 26 56 
26 47 46 69 56 53 64 54 16 67 5  63 22 15 48 24 17 23 49 9  30 20 68 14 19 75 32 11 39 13 58 7  27 50 40 41 31 8  43 38 25 70 21 0  60 59 18 6  71 37 2  57 52 65 10 12 29 72 42 55 61 4  35 36 73 3  34 51 62 1  33 74 66 45 44 28 
44 28 69 46 47 74 64 29 16 5  1  20 22 15 48 24 17 23 49 9  51 63 68 14 19 75 18 70 10 52 58 7  27 50 40 41 31 8  43 38 25 11 55 0  72 59 32 6  71 34 62 57 13 12 66 53 65 33 42 21 61 4  35 36 73 3  37 30 2  67 60 54 39 45 26 56 
26 47 46 69 56 53 64 54 16 67 5  63 22 15 48 24 17 23 49 9  30 20 68 14 19 75 32 11 39 13 58 7  27 50 40 41 31 8  43 38 25 70 21 0  60 59 18 6  71 37 2  57 52 65 10 12 29 72 42 55 61 4  35 36 73 3  34 51 62 1  33 74 66 45 44 28 
44 28 69 46 47 74 64 29 16 5  1  20 22 15 48 24 17 23 49 9  51 63 68 14 19 75 18 70 10 52 58 7  27 50 40 41 31 8  43 38 25 11 55 0  72 59 32 6  71 34 62 57 13 12 66 53 65 33 42 21 61 4  35 36 73 3  37 30 2  67 60 54 39 45 26 56 
26 47 46 69 56 53 64 54 16 67 5  63 22 15 48 24 17 23 49 9  30 20 68 14 19 75 32 11 39 13 58 7  27 50 40 41 31 8  43 38 25 70 21 0  60 59 18 6  71 37 2  57 52 65 10 12 29 72 42 55 61 4  35 36 73 3  34 51 62 1  33 74 66 45 44 28 
44 28 69 46 47 74 64 29 16 5  1  20 22 15 48 24 17 23 49 9  51 63 68 14 19 75 18 70 10 52 58 7  27 50 40 41 31 8  43 38 25 11 55 0  72 59 32 6  71 34 62 57 13 12 66 53 65 33 42 21 61 4  35 36 73 3  37 30 2  67 60 54 39 45 26 56 
26 47 46 69 56 53 64 54 16 67 5  63 22 15 48 24 17 23 49 9  30 20 68 14 19 75 32 11 39 13 58 7  27 50 40 41 31 8  43 38 25 70 21 0  60 59 18 6  71 37 2  57 52 65 10 12 29 72 42 55 61 4  35 36 73 3  34 51 62 1  33 74 66 45 44 28 
44 28 69 46 47 74 64 29 16 5  1  20 22 15 48 24 17 23 49 9  51 63 68 14 19 75 18 70 10 52 58 7  27 50 40 41 31 8  43 38 25 11 55 0  72 59 32 6  71 34 62 57 13 12 66 53 65 33 42 21 61 4  35 36 73 3  37 30 2  67 60 54 39 45 26 56 
26 47 46 69 56 53 64 54 16 67 5  63 22 15 48 24 17 23 49 9  30 20 68 14 19 75 32 11 39 13 58 7  27 50 40 41 31 8  43 38 25 70 21 0  60 59 18 6  71 37 2  57 52 65 10 12 29 72 42 55 61 4  35 36 73 3  34 51 62 1  33 74 66 45 44 28 
44 28 69 46 47 74 64 29 16 5  1  20 22 15 48 24 17 23 49 9  51 63 68 14 19 75 18 70 10 52 58 7  27 50 40 41 31 8  43 38 25 11 55 0  72 59 32 6  71 34 62 57 13 12 66 53 65 33 42 21 61 4  35 36 73 3  37 30 2  67 60 54 39 45 26 56 
26 47 46 69 56 53 64 54 16 67 5  63 22 15 48 24 17 23 49 9  30 20 68 14 19 75 32 11 39 13 58 7  27 50 40 41 31 8  43 38 25 70 21 0  60 59 18 6  71 37 2  57 52 65 10 12 29 72 42 55 61 4  35 36 73 3  34 51 62 1  33 74 66 45 44 28 
44 28 69 46 47 74 64 29 16 5  1  20 22 15 48 24 17 23 49 9  51 63 68 14 19 75 18 70 10 52 58 7  27 50 40 41 31 8  43 38 25 11 55 0  72 59 32 6  71 34 62 57 13 12 66 53 65 33 42 21 61 4  35 36 73 3  37 30 2  67 60 54 39 45 26 56 
26 47 46 69 56 53 64 54 16 67 5  63 22 15 48 24 17 23 49 9  30 20 68 14 19 75 32 11 39 13 58 7  27 50 40 41 31 8  43 38 25 70 21 0  60 59 18 6  71 37 2  57 52 65 10 12 29 72 42 55 61 4  35 36 73 3  34 51 62 1  33 74 66 45 44 28 
44 28 69 46 47 74 64 29 16 5  1  20 22 15 48 24 17 23 49 9  51 63 68 14 19 75 18 70 10 52 58 7  27 50 40 41 31 8  43 38 25 11 55 0  72 59 32 6  71 34 62 57 13 12 66 53 65 33 42 21 61 4  35 36 73 3  37 30 2  67 60 54 39 45 26 56 
26 47 46 69 56 53 64 54 16 67 5  63 22 15 48 24 17 23 49 9  30 20 68 14 19 75 32 11 39 13 58 7  27 50 40 41 31 8  43 38 25 70 21 0  60 59 18 6  71 37 2  57 52 65 10 12 29 72 42 55 61 4  35 36 73 3  34 51 62 1  33 74 66 45 44 28 
44 28 69 46 47 74 64 29 16 5  1  20 22 15 48 24 17 23 49 9  51 63 68 14 19 75 18 70 10 52 58 7  27 50 40 41 31 8  43 38 25 11 55 0  72 59 32 6  71 34 62 57 13 12 66 53 65 33 42 21 61 4  35 36 73 3  37 30 2  67 60 54 39 45 26 56 
26 47 46 69 56 53 64 54 16 67 5  63 22 15 48 24 17 23 49 9  30 20 68 14 19 75 32 11 39 13 58 7  27 50 40 41 31 8  43 38 25 70 21 0  60 59 18 6  71 37 2  57 52 65 10 12 29 72 42 55 61 4  35 36 73 3  34 51 62 1  33 74 66 45 44 28 
44 28 69 46 47 74 64 29 16 5  1  20 22 15 48 24 17 23 49 9  51 63 68 14 19 75 18 70 10 52 58 7  27 50 40 41 31 8  43 38 25 11 55 0  72 59 32 6  71 34 62 57 13 12 66 53 65 33 42 21 61 4  35 36 73 3  37 30 2  67 60 54 39 45 26 56 
26 47 46 69 56 53 64 54 16 67 5  63 22 15 48 24 17 23 49 9  30 20 68 14 19 75 32 11 39 13 58 7  27 50 40 41 31 8  43 38 25 70 21 0  60 59 18 6  71 37 2  57 52 65 10 12 29 72 42 55 61 4  35 36 73 3  34 51 62 1  33 74 66 45 44 28 
44 28 69 46 47 74 64 29 16 5  1  20 22 15 48 24 17 23 49 9  51 63 68 14 19 75 18 70 10 52 58 7  27 50 40 41 31 8  43 38 25 11 55 0  72 59 32 6  71 34 62 57 13 12 66 53 65 33 42 21 61 4  35 36 73 3  37 30 2  67 60 54 39 45 26 56 
26 47 46 69 56 53 64 54 16 67 5  63 22 15 48 24 17 23 49 9  30 20 68 14 19 75 32 11 39 13 58 7  27 50 40 41 31 8  43 38 25 70 21 0  60 59 18 6  71 37 2  57 52 65 10 12 29 72 42 55 61 4  35 36 73 3  34 51 62 1  33 74 66 45 44 28 
44 28 69 46 47 74 64 29 16 5  1  20 22 15 48 24 17 23 49 9  51 63 68 14 19 75 18 70 10 52 58 7  27 50 40 41 31 8  43 38 25 11 55 0  72 59 32 6  71 34 62 57 13 12 66 53 65 33 42 21 61 4  35 36 73 3  37 30 2  67 60 54 39 45 26 56 
26 47 46 69 56 53 64 54 16 67 5  63 22 15 48 24 17 23 49 9  30 20 68 14 19 75 32 11 39 13 58 7  27 50 40 41 31 8  43 38 25 70 21 0  60 59 18 6  71 37 2  57 52 65 10 12 29 72 42 55 61 4  35 36 73 3  34 51 62 1  33 74 66 45 44 28 
44 28 69 46 47 74 64 29 16 5  1  20 22 15 48 24 17 23 49 9  51 63 68 14 19 75 18 70 10 52 58 7  27 50 40 41 31 8  43 38 25 11 55 0  72 59 32 6  71 34 62 57 13 12 66 53 65 33 42 21 61 4  35 36 73 3  37 30 2  67 60 54 39 45 26 56 
26 47 46 69 56 53 64 54 16 67 5  63 22 15 48 24 17 23 49 9  30 20 68 14 19 75 32 11 39 13 58 7  27 50 40 41 31 8  43 38 25 70 21 0  60 59 18 6  71 37 2  57 52 65 10 12 29 72 42 55 61 4  35 36 73 3  34 51 62 1  33 74 66 45 44 28 
-----------------Task2---------------------------------------------------------------------------------------------------------------------------
44 28 46 47 29 16 5  1  20 22 15 48 24 17 23 49 9  51 14 19 18 10 52 7  27 50 40 41 31 8  43 38 25 11 55 0  32 6  34 13 12 53 33 42 21 4  35 36 3  37 30 2  54 39 45 26 
26 47 46 53 54 16 5  22 15 48 24 17 23 49 9  30 20 14 19 32 11 39 13 7  27 50 40 41 31 8  43 38 25 21 0  18 6  37 2  52 10 12 29 42 55 4  35 36 3  34 51 1  33 45 44 28 
44 28 46 47 29 16 5  1  20 22 15 48 24 17 23 49 9  51 14 19 18 10 52 7  27 50 40 41 31 8  43 38 25 11 55 0  32 6  34 13 12 53 33 42 21 4  35 36 3  37 30 2  54 39 45 26 
26 47 46 53 54 16 5  22 15 48 24 17 23 49 9  30 20 14 19 32 11 39 13 7  27 50 40 41 31 8  43 38 25 21 0  18 6  37 2  52 10 12 29 42 55 4  35 36 3  34 51 1  33 45 44 28 
44 28 46 47 29 16 5  1  20 22 15 48 24 17 23 49 9  51 14 19 18 10 52 7  27 50 40 41 31 8  43 38 25 11 55 0  32 6  34 13 12 53 33 42 21 4  35 36 3  37 30 2  54 39 45 26 
26 47 46 53 54 16 5  22 15 48 24 17 23 49 9  30 20 14 19 32 11 39 13 7  27 50 40 41 31 8  43 38 25 21 0  18 6  37 2  52 10 12 29 42 55 4  35 36 3  34 51 1  33 45 44 28 
44 28 46 47 29 16 5  1  20 22 15 48 24 17 23 49 9  51 14 19 18 10 52 7  27 50 40 41 31 8  43 38 25 11 55 0  32 6  34 13 12 53 33 42 21 4  35 36 3  37 30 2  54 39 45 26 
26 47 46 53 54 16 5  22 15 48 24 17 23 49 9  30 20 14 19 32 11 39 13 7  27 50 40 41 31 8  43 38 25 21 0  18 6  37 2  52 10 12 29 42 55 4  35 36 3  34 51 1  33 45 44 28 
44 28 46 47 29 16 5  1  20 22 15 48 24 17 23 49 9  51 14 19 18 10 52 7  27 50 40 41 31 8  43 38 25 11 55 0  32 6  34 13 12 53 33 42 21 4  35 36 3  37 30 2  54 39 45 26 
26 47 46 53 54 16 5  22 15 48 24 17 23 49 9  30 20 14 19 32 11 39 13 7  27 50 40 41 31 8  43 38 25 21 0  18 6  37 2  52 10 12 29 42 55 4  35 36 3  34 51 1  33 45 44 28 
44 28 46 47 29 16 5  1  20 22 15 48 24 17 23 49 9  51 14 19 18 10 52 7  27 50 40 41 31 8  43 38 25 11 55 0  32 6  34 13 12 53 33 42 21 4  35 36 3  37 30 2  54 39 45 26 
26 47 46 53 54 16 5  22 15 48 24 17 23 49 9  30 20 14 19 32 11 39 13 7  27 50 40 41 31 8  43 38 25 21 0  18 6  37 2  52 10 12 29 42 55 4  35 36 3  34 51 1  33 45 44 28 
44 28 46 47 29 16 5  1  20 22 15 48 24 17 23 49 9  51 14 19 18 10 52 7  27 50 40 41 31 8  43 38 25 11 55 0  32 6  34 13 12 53 33 42 21 4  35 36 3  37 30 2  54 39 45 26 
26 47 46 53 54 16 5  22 15 48 24 17 23 49 9  30 20 14 19 32 11 39 13 7  27 50 40 41 31 8  43 38 25 21 0  18 6  37 2  52 10 12 29 42 55 4  35 36 3  34 51 1  33 45 44 28 
44 28 46 47 29 16 5  1  20 22 15 48 24 17 23 49 9  51 14 19 18 10 52 7  27 50 40 41 31 8  43 38 25 11 55 0  32 6  34 13 12 53 33 42 21 4  35 36 3  37 30 2  54 39 45 26 
26 47 46 53 54 16 5  22 15 48 24 17 23 49 9  30 20 14 19 32 11 39 13 7  27 50 40 41 31 8  43 38 25 21 0  18 6  37 2  52 10 12 29 42 55 4  35 36 3  34 51 1  33 45 44 28 
44 28 46 47 29 16 5  1  20 22 15 48 24 17 23 49 9  51 14 19 18 10 52 7  27 50 40 41 31 8  43 38 25 11 55 0  32 6  34 13 12 53 33 42 21 4  35 36 3  37 30 2  54 39 45 26 
26 47 46 53 54 16 5  22 15 48 24 17 23 49 9  30 20 14 19 32 11 39 13 7  27 50 40 41 31 8  43 38 25 21 0  18 6  37 2  52 10 12 29 42 55 4  35 36 3  34 51 1  33 45 44 28 
44 28 46 47 29 16 5  1  20 22 15 48 24 17 23 49 9  51 14 19 18 10 52 7  27 50 40 41 31 8  43 38 25 11 55 0  32 6  34 13 12 53 33 42 21 4  35 36 3  37 30 2  54 39 45 26 
26 47 46 53 54 16 5  22 15 48 24 17 23 49 9  30 20 14 19 32 11 39 13 7  27 50 40 41 31 8  43 38 25 21 0  18 6  37 2  52 10 12 29 42 55 4  35 36 3  34 51 1  33 45 44 28 
44 28 46 47 29 16 5  1  20 22 15 48 24 17 23 49 9  51 14 19 18 10 52 7  27 50 40 41 31 8  43 38 25 11 55 0  32 6  34 13 12 53 33 42 21 4  35 36 3  37 30 2  54 39 45 26 
26 47 46 53 54 16 5  22 15 48 24 17 23 49 9  30 20 14 19 32 11 39 13 7  27 50 40 41 31 8  43 38 25 21 0  18 6  37 2  52 10 12 29 42 55 4  35 36 3  34 51 1  33 45 44 28 
44 28 46 47 29 16 5  1  20 22 15 48 24 17 23 49 9  51 14 19 18 10 52 7  27 50 40 41 31 8  43 38 25 11 55 0  32 6  34 13 12 53 33 42 21 4  35 36 3  37 30 2  54 39 45 26 
26 47 46 53 54 16 5  22 15 48 24 17 23 49 9  30 20 14 19 32 11 39 13 7  27 50 40 41 31 8  43 38 25 21 0  18 6  37 2  52 10 12 29 42 55 4  35 36 3  34 51 1  33 45 44 28 
44 28 46 47 29 16 5  1  20 22 15 48 24 17 23 49 9  51 14 19 18 10 52 7  27 50 40 41 31 8  43 38 25 11 55 0  32 6  34 13 12 53 33 42 21 4  35 36 3  37 30 2  54 39 45 26 
26 47 46 53 54 16 5  22 15 48 24 17 23 49 9  30 20 14 19 32 11 39 13 7  27 50 40 41 31 8  43 38 25 21 0  18 6  37 2  52 10 12 29 42 55 4  35 36 3  34 51 1  33 45 44 28 
44 28 46 47 29 16 5  1  20 22 15 48 24 17 23 49 9  51 14 19 18 10 52 7  27 50 40 41 31 8  43 38 25 11 55 0  32 6  34 13 12 53 33 42 21 4  35 36 3  37 30 2  54 39 45 26 
26 47 46 53 54 16 5  22 15 48 24 17 23 49 9  30 20 14 19 32 11 39 13 7  27 50 40 41 31 8  43 38 25 21 0  18 6  37 2  52 10 12 29 42 55 4  35 36 3  34 51 1  33 45 44 28 
44 28 46 47 29 16 5  1  20 22 15 48 24 17 23 49 9  51 14 19 18 10 52 7  27 50 40 41 31 8  43 38 25 11 55 0  32 6  34 13 12 53 33 42 21 4  35 36 3  37 30 2  54 39 45 26 
26 47 46 53 54 16 5  22 15 48 24 17 23 49 9  30 20 14 19 32 11 39 13 7  27 50 40 41 31 8  43 38 25 21 0  18 6  37 2  52 10 12 29 42 55 4  35 36 3  34 51 1  33 45 44 28 
44 28 46 47 29 16 5  1  20 22 15 48 24 17 23 49 9  51 14 19 18 10 52 7  27 50 40 41 31 8  43 38 25 11 55 0  32 6  34 13 12 53 33 42 21 4  35 36 3  37 30 2  54 39 45 26 
26 47 46 53 54 16 5  22 15 48 24 17 23 49 9  30 20 14 19 32 11 39 13 7  27 50 40 41 31 8  43 38 25 21 0  18 6  37 2  52 10 12 29 42 55 4  35 36 3  34 51 1  33 45 44 28 
44 28 46 47 29 16 5  1  20 22 15 48 24 17 23 49 9  51 14 19 18 10 52 7  27 50 40 41 31 8  43 38 25 11 55 0  32 6  34 13 12 53 33 42 21 4  35 36 3  37 30 2  54 39 45 26 
26 47 46 53 54 16 5  22 15 48 24 17 23 49 9  30 20 14 19 32 11 39 13 7  27 50 40 41 31 8  43 38 25 21 0  18 6  37 2  52 10 12 29 42 55 4  35 36 3  34 51 1  33 45 44 28 
44 28 46 47 29 16 5  1  20 22 15 48 24 17 23 49 9  51 14 19 18 10 52 7  27 50 40 41 31 8  43 38 25 11 55 0  32 6  34 13 12 53 33 42 21 4  35 36 3  37 30 2  54 39 45 26 
26 47 46 53 54 16 5  22 15 48 24 17 23 49 9  30 20 14 19 32 11 39 13 7  27 50 40 41 31 8  43 38 25 21 0  18 6  37 2  52 10 12 29 42 55 4  35 36 3  34 51 1  33 45 44 28 
44 28 46 47 29 16 5  1  20 22 15 48 24 17 23 49 9  51 14 19 18 10 52 7  27 50 40 41 31 8  43 38 25 11 55 0  32 6  34 13 12 53 33 42 21 4  35 36 3  37 30 2  54 39 45 26 
26 47 46 53 54 16 5  22 15 48 24 17 23 49 9  30 20 14 19 32 11 39 13 7  27 50 40 41 31 8  43 38 25 21 0  18 6  37 2  52 10 12 29 42 55 4  35 36 3  34 51 1  33 45 44 28 
44 28 46 47 29 16 5  1  20 22 15 48 24 17 23 49 9  51 14 19 18 10 52 7  27 50 40 41 31 8  43 38 25 11 55 0  32 6  34 13 12 53 33 42 21 4  35 36 3  37 30 2  54 39 45 26 
26 47 46 53 54 16 5  22 15 48 24 17 23 49 9  30 20 14 19 32 11 39 13 7  27 50 40 41 31 8  43 38 25 21 0  18 6  37 2  52 10 12 29 42 55 4  35 36 3  34 51 1  33 45 44 28 
44 28 46 47 29 16 5  1  20 22 15 48 24 17 23 49 9  51 14 19 18 10 52 7  27 50 40 41 31 8  43 38 25 11 55 0  32 6  34 13 12 53 33 42 21 4  35 36 3  37 30 2  54 39 45 26 
26 47 46 53 54 16 5  22 15 48 24 17 23 49 9  30 20 14 19 32 11 39 13 7  27 50 40 41 31 8  43 38 25 21 0  18 6  37 2  52 10 12 29 42 55 4  35 36 3  34 51 1  33 45 44 28 
44 28 46 47 29 16 5  1  20 22 15 48 24 17 23 49 9  51 14 19 18 10 52 7  27 50 40 41 31 8  43 38 25 11 55 0  32 6  34 13 12 53 33 42 21 4  35 36 3  37 30 2  54 39 45 26 
26 47 46 53 54 16 5  22 15 48 24 17 23 49 9  30 20 14 19 32 11 39 13 7  27 50 40 41 31 8  43 38 25 21 0  18 6  37 2  52 10 12 29 42 55 4  35 36 3  34 51 1  33 45 44 28 
44 28 46 47 29 16 5  1  20 22 15 48 24 17 23 49 9  51 14 19 18 10 52 7  27 50 40 41 31 8  43 38 25 11 55 0  32 6  34 13 12 53 33 42 21 4  35 36 3  37 30 2  54 39 45 26 
26 47 46 53 54 16 5  22 15 48 24 17 23 49 9  30 20 14 19 32 11 39 13 7  27 50 40 41 31 8  43 38 25 21 0  18 6  37 2  52 10 12 29 42 55 4  35 36 3  34 51 1  33 45 44 28 
44 28 46 47 29 16 5  1  20 22 15 48 24 17 23 49 9  51 14 19 18 10 52 7  27 50 40 41 31 8  43 38 25 11 55 0  32 6  34 13 12 53 33 42 21 4  35 36 3  37 30 2  54 39 45 26 
26 47 46 53 54 16 5  22 15 48 24 17 23 49 9  30 20 14 19 32 11 39 13 7  27 50 40 41 31 8  43 38 25 21 0  18 6  37 2  52 10 12 29 42 55 4  35 36 3  34 51 1  33 45 44 28 
44 28 46 47 29 16 5  1  20 22 15 48 24 17 23 49 9  51 14 19 18 10 52 7  27 50 40 41 31 8  43 38 25 11 55 0  32 6  34 13 12 53 33 42 21 4  35 36 3  37 30 2  54 39 45 26 
26 47 46 53 54 16 5  22 15 48 24 17 23 49 9  30 20 14 19 32 11 39 13 7  27 50 40 41 31 8  43 38 25 21 0  18 6  37 2  52 10 12 29 42 55 4  35 36 3  34 51 1  33 45 44 28 
44 28 46 47 29 16 5  1  20 22 15 48 24 17 23 49 9  51 14 19 18 10 52 7  27 50 40 41 31 8  43 38 25 11 55 0  32 6  34 13 12 53 33 42 21 4  35 36 3  37 30 2  54 39 45 26 
26 47 46 53 54 16 5  22 15 48 24 17 23 49 9  30 20 14 19 32 11 39 13 7  27 50 40 41 31 8  43 38 25 21 0  18 6  37 2  52 10 12 29 42 55 4  35 36 3  34 51 1  33 45 44 28 
44 28 46 47 29 16 5  1  20 22 15 48 24 17 23 49 9  51 14 19 18 10 52 7  27 50 40 41 31 8  43 38 25 11 55 0  32 6  34 13 12 53 33 42 21 4  35 36 3  37 30 2  54 39 45 26 
26 47 46 53 54 16 5  22 15 48 24 17 23 49 9  30 20 14 19 32 11 39 13 7  27 50 40 41 31 8  43 38 25 21 0  18 6  37 2  52 10 12 29 42 55 4  35 36 3  34 51 1  33 45 44 28 
44 28 46 47 29 16 5  1  20 22 15 48 24 17 23 49 9  51 14 19 18 10 52 7  27 50 40 41 31 8  43 38 25 11 55 0  32 6  34 13 12 53 33 42 21 4  35 36 3  37 30 2  54 39 45 26 
26 47 46 53 54 16 5  22 15 48 24 17 23 49 9  30 20 14 19 32 11 39 13 7  27 50 40 41 31 8  43 38 25 21 0  18 6  37 2  52 10 12 29 42 55 4  35 36 3  34 51 1  33 45 44 28 
44 28 46 47 29 16 5  1  20 22 15 48 24 17 23 49 9  51 14 19 18 10 52 7  27 50 40 41 31 8  43 38 25 11 55 0  32 6  34 13 12 53 33 42 21 4  35 36 3  37 30 2  54 39 45 26 
26 47 46 53 54 16 5  22 15 48 24 17 23 49 9  30 20 14 19 32 11 39 13 7  27 50 40 41 31 8  43 38 25 21 0  18 6  37 2  52 10 12 29 42 55 4  35 36 3  34 51 1  33 45 44 28 
44 28 46 47 29 16 5  1  20 22 15 48 24 17 23 49 9  51 14 19 18 10 52 7  27 50 40 41 31 8  43 38 25 11 55 0  32 6  34 13 12 53 33 42 21 4  35 36 3  37 30 2  54 39 45 26 
26 47 46 53 54 16 5  22 15 48 24 17 23 49 9  30 20 14 19 32 11 39 13 7  27 50 40 41 31 8  43 38 25 21 0  18 6  37 2  52 10 12 29 42 55 4  35 36 3  34 51 1  33 45 44 28 
44 28 46 47 29 16 5  1  20 22 15 48 24 17 23 49 9  51 14 19 18 10 52 7  27 50 40 41 31 8  43 38 25 11 55 0  32 6  34 13 12 53 33 42 21 4  35 36 3  37 30 2  54 39 45 26 
26 47 46 53 54 16 5  22 15 48 24 17 23 49 9  30 20 14 19 32 11 39 13 7  27 50 40 41 31 8  43 38 25 21 0  18 6  37 2  52 10 12 29 42 55 4  35 36 3  34 51 1  33 45 44 28 
44 28 46 47 29 16 5  1  20 22 15 48 24 17 23 49 9  51 14 19 18 10 52 7  27 50 40 41 31 8  43 38 25 11 55 0  32 6  34 13 12 53 33 42 21 4  35 36 3  37 30 2  54 39 45 26 
26 47 46 53 54 16 5  22 15 48 24 17 23 49 9  30 20 14 19 32 11 39 13 7  27 50 40 41 31 8  43 38 25 21 0  18 6  37 2  52 10 12 29 42 55 4  35 36 3  34 51 1  33 45 44 28 
44 28 46 47 29 16 5  1  20 22 15 48 24 17 23 49 9  51 14 19 18 10 52 7  27 50 40 41 31 8  43 38 25 11 55 0  32 6  34 13 12 53 33 42 21 4  35 36 3  37 30 2  54 39 45 26 
26 47 46 53 54 16 5  22 15 48 24 17 23 49 9  30 20 14 19 32 11 39 13 7  27 50 40 41 31 8  43 38 25 21 0  18 6  37 2  52 10 12 29 42 55 4  35 36 3  34 51 1  33 45 44 28 
44 28 46 47 29 16 5  1  20 22 15 48 24 17 23 49 9  51 14 19 18 10 52 7  27 50 40 41 31 8  43 38 25 11 55 0  32 6  34 13 12 53 33 42 21 4  35 36 3  37 30 2  54 39 45 26 
26 47 46 53 54 16 5  22 15 48 24 17 23 49 9  30 20 14 19 32 11 39 13 7  27 50 40 41 31 8  43 38 25 21 0  18 6  37 2  52 10 12 29 42 55 4  35 36 3  34 51 1  33 45 44 28 
44 28 46 47 29 16 5  1  20 22 15 48 24 17 23 49 9  51 14 19 18 10 52 7  27 50 40 41 31 8  43 38 25 11 55 0  32 6  34 13 12 53 33 42 21 4  35 36 3  37 30 2  54 39 45 26 
26 47 46 53 54 16 5  22 15 48 24 17 23 49 9  30 20 14 19 32 11 39 13 7  27 50 40 41 31 8  43 38 25 21 0  18 6  37 2  52 10 12 29 42 55 4  35 36 3  34 51 1  33 45 44 28 
44 28 46 47 29 16 5  1  20 22 15 48 24 17 23 49 9  51 14 19 18 10 52 7  27 50 40 41 31 8  43 38 25 11 55 0  32 6  34 13 12 53 33 42 21 4  35 36 3  37 30 2  54 39 45 26 
26 47 46 53 54 16 5  22 15 48 24 17 23 49 9  30 20 14 19 32 11 39 13 7  27 50 40 41 31 8  43 38 25 21 0  18 6  37 2  52 10 12 29 42 55 4  35 36 3  34 51 1  33 45 44 28 
44 28 46 47 29 16 5  1  20 22 15 48 24 17 23 49 9  51 14 19 18 10 52 7  27 50 40 41 31 8  43 38 25 11 55 0  32 6  34 13 12 53 33 42 21 4  35 36 3  37 30 2  54 39 45 26 
26 47 46 53 54 16 5  22 15 48 24 17 23 49 9  30 20 14 19 32 11 39 13 7  27 50 40 41 31 8  43 38 25 21 0  18 6  37 2  52 10 12 29 42 55 4  35 36 3  34 51 1  33 45 44 28 
44 28 46 47 29 16 5  1  20 22 15 48 24 17 23 49 9  51 14 19 18 10 52 7  27 50 40 41 31 8  43 38 25 11 55 0  32 6  34 13 12 53 33 42 21 4  35 36 3  37 30 2  54 39 45 26 
26 47 46 53 54 16 5  22 15 48 24 17 23 49 9  30 20 14 19 32 11 39 13 7  27 50 40 41 31 8  43 38 25 21 0  18 6  37 2  52 10 12 29 42 55 4  35 36 3  34 51 1  33 45 44 28 
44 28 46 47 29 16 5  1  20 22 15 48 24 17 23 49 9  51 14 19 18 10 52 7  27 50 40 41 31 8  43 38 25 11 55 0  32 6  34 13 12 53 33 42 21 4  35 36 3  37 30 2  54 39 45 26 
26 47 46 53 54 16 5  22 15 48 24 17 23 49 9  30 20 14 19 32 11 39 13 7  27 50 40 41 31 8  43 38 25 21 0  18 6  37 2  52 10 12 29 42 55 4  35 36 3  34 51 1  33 45 44 28 
44 28 46 47 29 16 5  1  20 22 15 48 24 17 23 49 9  51 14 19 18 10 52 7  27 50 40 41 31 8  43 38 25 11 55 0  32 6  34 13 12 53 33 42 21 4  35 36 3  37 30 2  54 39 45 26 
26 47 46 53 54 16 5  22 15 48 24 17 23 49 9  30 20 14 19 32 11 39 13 7  27 50 40 41 31 8  43 38 25 21 0  18 6  37 2  52 10 12 29 42 55 4  35 36 3  34 51 1  33 45 44 28 
44 28 46 47 29 16 5  1  20 22 15 48 24 17 23 49 9  51 14 19 18 10 52 7  27 50 40 41 31 8  43 38 25 11 55 0  32 6  34 13 12 53 33 42 21 4  35 36 3  37 30 2  54 39 45 26 
26 47 46 53 54 16 5  22 15 48 24 17 23 49 9  30 20 14 19 32 11 39 13 7  27 50 40 41 31 8  43 38 25 21 0  18 6  37 2  52 10 12 29 42 55 4  35 36 3  34 51 1  33 45 44 28 
44 28 46 47 29 16 5  1  20 22 15 48 24 17 23 49 9  51 14 19 18 10 52 7  27 50 40 41 31 8  43 38 25 11 55 0  32 6  34 13 12 53 33 42 21 4  35 36 3  37 30 2  54 39 45 26 
26 47 46 53 54 16 5  22 15 48 24 17 23 49 9  30 20 14 19 32 11 39 13 7  27 50 40 41 31 8  43 38 25 21 0  18 6  37 2  52 10 12 29 42 55 4  35 36 3  34 51 1  33 45 44 28 
44 28 46 47 29 16 5  1  20 22 15 48 24 17 23 49 9  51 14 19 18 10 52 7  27 50 40 41 31 8  43 38 25 11 55 0  32 6  34 13 12 53 33 42 21 4  35 36 3  37 30 2  54 39 45 26 
26 47 46 53 54 16 5  22 15 48 24 17 23 49 9  30 20 14 19 32 11 39 13 7  27 50 40 41 31 8  43 38 25 21 0  18 6  37 2  52 10 12 29 42 55 4  35 36 3  34 51 1  33 45 44 28 
44 28 46 47 29 16 5  1  20 22 15 48 24 17 23 49 9  51 14 19 18 10 52 7  27 50 40 41 31 8  43 38 25 11 55 0  32 6  34 13 12 53 33 42 21 4  35 36 3  37 30 2  54 39 45 26 
26 47 46 53 54 16 5  22 15 48 24 17 23 49 9  30 20 14 19 32 11 39 13 7  27 50 40 41 31 8  43 38 25 21 0  18 6  37 2  52 10 12 29 42 55 4  35 36 3  34 51 1  33 45 44 28 
44 28 46 47 29 16 5  1  20 22 15 48 24 17 23 49 9  51 14 19 18 10 52 7  27 50 40 41 31 8  43 38 25 11 55 0  32 6  34 13 12 53 33 42 21 4  35 36 3  37 30 2  54 39 45 26 
26 47 46 53 54 16 5  22 15 48 24 17 23 49 9  30 20 14 19 32 11 39 13 7  27 50 40 41 31 8  43 38 25 21 0  18 6  37 2  52 10 12 29 42 55 4  35 36 3  34 51 1  33 45 44 28 
44 28 46 47 29 16 5  1  20 22 15 48 24 17 23 49 9  51 14 19 18 10 52 7  27 50 40 41 31 8  43 38 25 11 55 0  32 6  34 13 12 53 33 42 21 4  35 36 3  37 30 2  54 39 45 26 
26 47 46 53 54 16 5  22 15 48 24 17 23 49 9  30 20 14 19 32 11 39 13 7  27 50 40 41 31 8  43 38 25 21 0  18 6  37 2  52 10 12 29 42 55 4  35 36 3  34 51 1  33 45 44 28 
44 28 46 47 29 16 5  1  20 22 15 48 24 17 23 49 9  51 14 19 18 10 52 7  27 50 40 41 31 8  43 38 25 11 55 0  32 6  34 13 12 53 33 42 21 4  35 36 3  37 30 2  54 39 45 26 
26 47 46 53 54 16 5  22 15 48 24 17 23 49 9  30 20 14 19 32 11 39 13 7  27 50 40 41 31 8  43 38 25 21 0  18 6  37 2  52 10 12 29 42 55 4  35 36 3  34 51 1  33 45 44 28 
44 28 46 47 29 16 5  1  20 22 15 48 24 17 23 49 9  51 14 19 18 10 52 7  27 50 40 41 31 8  43 38 25 11 55 0  32 6  34 13 12 53 33 42 21 4  35 36 3  37 30 2  54 39 45 26 
26 47 46 53 54 16 5  22 15 48 24 17 23 49 9  30 20 14 19 32 11 39 13 7  27 50 40 41 31 8  43 38 25 21 0  18 6  37 2  52 10 12 29 42 55 4  35 36 3  34 51 1  33 45 44 28 
44 28 46 47 29 16 5  1  20 22 15 48 24 17 23 49 9  51 14 19 18 10 52 7  27 50 40 41 31 8  43 38 25 11 55 0  32 6  34 13 12 53 33 42 21 4  35 36 3  37 30 2  54 39 45 26 
26 47 46 53 54 16 5  22 15 48 24 17 23 49 9  30 20 14 19 32 11 39 13 7  27 50 40 41 31 8  43 38 25 21 0  18 6  37 2  52 10 12 29 42 55 4  35 36 3  34 51 1  33 45 44 28 
44 28 46 47 29 16 5  1  20 22 15 48 24 17 23 49 9  51 14 19 18 10 52 7  27 50 40 41 31 8  43 38 25 11 55 0  32 6  34 13 12 53 33 42 21 4  35 36 3  37 30 2  54 39 45 26 
26 47 46 53 54 16 5  22 15 48 24 17 23 49 9  30 20 14 19 32 11 39 13 7  27 50 40 41 31 8  43 38 25 21 0  18 6  37 2  52 10 12 29 42 55 4  35 36 3  34 51 1  33 45 44 28 
-----------------Distance---------------------------------------------------------------------------------------------------------------------------
0  14 23 26 33 16 39 40 37 47 54 31 42 53 40 14 24 36 47 44 23 9  12 25 42 30 35 14 30 21 54 31 8  33 43 34 38 50 38 29 11 10 6  26 29 35 28 26 18 34 18 35 48 48 49 16 43 42 63 45 21 8  8  18 55 61 30 19 33 46 40 40 5  18 23 25 
14 0  24 12 19 8  27 26 34 40 43 25 27 40 26 18 18 40 34 32 15 16 25 33 42 20 20 10 16 7  50 30 10 19 30 24 26 41 34 24 25 24 21 26 14 21 17 13 26 36 14 21 36 34 51 30 29 34 50 35 20 8  16 29 46 50 18 7  26 34 31 34 9  7  11 14 
23 24 0  26 42 16 29 34 14 28 39 15 42 42 46 9  12 16 41 54 39 32 19 14 19 20 35 32 36 29 32 8  16 29 34 48 49 33 17 10 29 31 26 3  32 30 41 36 11 12 10 33 36 46 27 25 47 24 52 59 41 26 15 40 38 45 24 20 50 58 55 20 21 31 20 19 
26 12 26 0  18 12 15 14 30 31 31 18 17 27 20 24 15 41 21 29 22 29 34 38 40 11 10 21 11 9  43 29 19 7  18 26 25 31 29 21 37 36 33 27 7  9  20 14 33 36 16 9  24 22 49 40 21 25 38 36 30 21 25 42 35 38 7  7  31 34 33 26 21 15 5  7  
33 19 42 18 0  26 30 25 48 48 45 36 16 37 8  37 32 58 28 12 13 29 44 53 58 29 14 20 6  13 60 46 30 20 30 10 7  46 47 39 43 40 39 44 11 22 7  7  46 53 32 18 37 24 67 49 12 42 46 18 23 25 36 42 50 52 24 21 16 16 15 44 28 15 22 25 
16 8  16 12 26 0  23 24 25 32 38 17 29 37 30 12 10 32 32 38 23 22 22 27 34 14 22 18 20 12 42 21 8  18 27 31 33 34 26 16 27 26 22 18 17 19 25 19 21 28 6  21 31 34 42 28 32 26 47 43 28 14 13 34 39 44 14 5  34 42 38 26 11 15 7  9  
39 27 29 15 30 23 0  7  25 18 15 15 19 13 28 32 18 41 12 39 37 44 44 43 35 9  16 37 24 25 32 28 31 10 5  40 36 16 22 20 50 50 46 29 20 8  35 29 39 35 23 12 8  19 44 50 27 14 24 48 46 36 36 57 20 23 9  20 46 44 45 18 34 31 16 14 
40 26 34 14 25 24 7  0  32 25 20 20 12 13 22 35 22 47 7  32 33 43 47 48 42 14 11 35 19 22 39 33 33 7  5  35 30 22 29 25 51 50 46 34 15 5  30 25 43 41 26 7  12 12 51 52 20 21 24 41 43 35 38 56 25 27 10 20 41 38 40 25 35 29 17 15 
37 34 14 30 48 25 25 32 0  15 29 12 43 36 50 23 16 17 37 60 49 46 34 24 10 19 38 43 42 37 17 7  30 30 30 56 55 22 4  9  44 46 41 12 37 30 50 43 25 11 20 35 29 44 19 39 50 14 44 66 53 39 29 55 26 33 25 28 60 64 63 9  35 41 26 23 
47 40 28 31 48 32 18 25 15 0  15 15 38 23 47 35 23 32 28 58 53 54 47 40 23 20 35 50 41 40 13 22 39 27 21 57 54 7  11 18 56 57 52 26 37 26 51 45 39 26 29 31 17 36 30 53 46 6  30 66 60 47 41 65 10 18 24 33 62 63 63 7  43 46 29 26 
54 43 39 31 45 38 15 20 29 15 0  24 30 10 41 44 30 46 18 52 53 59 57 52 38 23 31 52 39 40 26 35 46 25 15 55 50 8  25 29 64 64 60 38 35 23 50 44 50 41 36 27 8  26 45 63 39 15 15 61 61 51 49 72 7  7  25 36 61 58 60 20 49 47 31 29 
31 25 15 18 36 17 15 20 12 15 24 0  31 27 38 20 7  26 27 48 39 39 33 29 22 7  26 35 30 26 25 13 23 18 20 45 43 19 10 5  41 42 37 14 25 18 39 32 26 20 13 23 20 33 31 38 38 10 37 55 45 31 25 50 24 30 13 18 49 53 51 9  28 31 14 12 
42 27 42 17 16 29 19 12 43 38 30 31 0  22 11 41 30 57 13 21 28 42 51 55 53 23 7  33 13 21 51 43 36 13 16 26 20 34 40 35 53 51 48 43 13 13 23 19 50 51 33 8  23 7  62 56 8  33 30 31 38 35 42 55 37 37 18 24 33 27 30 36 36 26 22 22 
53 40 42 27 37 37 13 13 36 23 10 27 22 0  33 46 31 53 9  43 47 56 58 56 45 23 24 49 32 36 36 40 45 20 9  47 42 17 32 32 64 63 59 41 29 18 43 38 53 47 37 20 7  16 53 64 30 22 10 53 57 48 49 70 17 15 22 33 54 49 52 27 48 43 29 27 
40 26 46 20 8  30 28 22 50 47 41 38 11 33 0  42 35 61 24 10 21 37 51 58 60 30 12 28 10 19 60 49 36 20 26 16 9  44 48 41 50 48 46 47 13 21 15 14 51 56 36 16 33 17 69 56 4  42 40 20 31 32 42 50 47 48 24 25 23 16 19 45 35 22 25 27 
14 18 9  24 37 12 32 35 23 35 44 20 41 46 42 0  14 23 42 50 32 23 12 15 28 22 34 24 32 24 41 17 8  29 36 42 44 39 25 16 21 22 17 12 29 30 35 30 9  20 8  33 39 46 35 18 44 30 56 53 33 18 6  31 44 50 24 17 43 53 49 27 13 24 19 19 
24 18 12 15 32 10 18 22 16 23 30 7  30 31 35 14 0  26 29 44 32 31 27 26 25 8  24 28 26 20 32 14 16 17 22 39 39 26 16 6  34 34 30 12 22 18 33 27 21 21 6  21 25 34 34 33 36 17 42 50 38 24 19 42 31 36 12 12 43 48 46 16 20 25 9  8  
36 40 16 41 58 32 41 47 17 32 46 26 57 53 61 23 26 0  53 70 55 46 28 13 11 33 50 47 52 45 29 13 31 44 46 64 65 39 21 21 39 42 37 14 48 44 57 52 18 6  26 48 46 59 14 31 63 31 61 75 56 41 28 51 43 50 38 37 66 74 71 26 36 47 36 34 
47 34 41 21 28 32 12 7  37 28 18 27 13 9  24 42 29 53 0  34 39 50 54 55 47 21 15 41 24 29 41 40 40 14 7  38 33 23 34 32 58 58 54 41 21 12 35 30 50 47 34 12 11 8  56 60 21 25 17 44 49 42 45 63 25 24 18 28 45 40 43 29 42 35 24 23 
44 32 54 29 12 38 39 32 60 58 52 48 21 43 10 50 44 70 34 0  22 40 56 65 70 40 22 31 18 25 71 58 42 30 37 12 6  55 58 50 54 51 50 56 22 31 16 19 59 66 44 26 44 27 79 61 13 52 50 10 31 36 48 51 58 58 35 33 18 6  11 55 40 26 34 36 
23 15 39 22 13 23 37 33 49 53 53 39 28 47 21 32 32 55 39 22 0  18 36 47 57 33 23 9  15 13 64 45 24 27 38 10 16 53 49 39 32 29 28 41 18 29 6  8  40 51 30 26 45 36 66 39 25 47 57 21 10 15 29 30 57 60 29 20 10 22 17 47 20 8  24 27 
9  16 32 29 29 22 44 43 46 54 59 39 42 56 37 23 31 46 50 40 18 0  21 35 51 36 35 9  29 21 63 40 16 36 47 28 34 57 47 37 14 11 11 35 29 38 24 23 28 44 26 37 52 49 59 23 41 49 67 39 12 8  18 13 61 66 34 23 25 40 33 47 11 15 27 30 
12 25 19 34 44 22 44 47 34 47 57 33 51 58 51 12 27 28 54 56 36 21 0  15 36 34 44 26 41 32 52 27 15 40 49 46 50 52 37 29 11 14 10 22 39 42 41 37 10 28 21 44 52 57 42 5  54 43 69 58 33 20 9  23 57 63 36 27 45 58 53 40 16 30 30 31 
25 33 14 38 53 27 43 48 24 40 52 29 55 56 58 15 26 13 55 65 47 35 15 0  23 34 48 38 48 39 40 18 23 43 48 57 59 46 28 24 26 30 25 14 44 44 51 46 7  15 22 47 50 60 27 18 60 37 66 69 47 32 18 38 50 57 38 32 58 68 64 32 27 40 33 33 
42 42 19 40 58 34 35 42 10 23 38 22 53 45 60 28 25 11 47 70 57 51 36 23 0  30 48 51 51 46 18 12 36 40 40 65 65 30 13 19 47 50 45 16 47 40 59 53 26 8  27 45 38 55 9  40 60 23 53 76 61 45 34 59 33 40 35 37 68 74 72 18 41 49 35 33 
30 20 20 11 29 14 9  14 19 20 23 7  23 23 30 22 8  33 21 40 33 36 34 34 30 0  18 30 22 20 31 20 22 10 14 38 36 20 17 11 41 41 36 20 18 10 32 25 30 27 13 15 17 26 39 40 30 14 34 47 40 28 26 48 25 30 5  13 42 45 44 15 26 26 9  6  
35 20 35 10 14 22 16 11 38 35 31 26 7  24 12 34 24 50 15 22 23 35 44 48 48 18 0  26 8  14 48 38 29 7  16 24 19 32 36 29 46 44 41 36 6  8  19 14 43 45 26 4  23 13 57 49 12 30 33 31 33 28 35 49 36 38 12 17 30 28 29 32 29 20 15 16 
14 10 32 21 20 18 37 35 43 50 52 35 33 49 28 24 28 47 41 31 9  9  26 38 51 30 26 0  19 12 60 39 15 28 39 19 25 51 44 34 23 20 19 34 20 30 15 13 31 44 23 29 45 40 59 30 31 44 59 31 10 6  20 22 56 60 27 17 19 32 26 44 11 6  21 24 
30 16 36 11 6  20 24 19 42 41 39 30 13 32 10 32 26 52 24 18 15 29 41 48 51 22 8  19 0  9  54 40 26 14 24 16 13 40 40 32 41 38 36 38 4  16 11 6  41 47 26 12 31 21 60 46 13 36 42 25 25 22 32 42 44 46 17 15 22 22 22 38 25 13 16 18 
21 7  29 9  13 12 25 22 37 40 40 26 21 36 19 24 20 45 29 25 13 21 32 39 46 20 14 12 9  0  51 34 17 15 26 19 20 40 36 27 32 30 27 31 8  17 13 7  33 41 19 16 33 28 55 37 22 34 46 30 21 14 23 35 44 48 16 8  23 29 26 34 16 6  11 14 
54 50 32 43 60 42 32 39 17 13 26 25 51 36 60 41 32 29 41 71 64 63 52 40 18 31 48 60 54 51 0  24 47 40 35 69 67 18 16 26 61 64 58 29 49 39 63 57 42 25 37 44 30 50 21 56 59 18 40 79 70 56 47 72 19 26 36 43 74 76 76 16 52 56 40 37 
31 30 8  29 46 21 28 33 7  22 35 13 43 40 49 17 14 13 40 58 45 40 27 18 12 20 38 39 40 34 24 0  24 30 33 53 53 28 10 8  37 39 34 5  36 31 47 41 18 7  15 35 33 46 20 32 50 19 49 64 49 33 23 48 32 39 25 25 56 62 60 14 29 37 24 22 
8  10 16 19 30 8  31 33 30 39 46 23 36 45 36 8  16 31 40 42 24 16 15 23 36 22 29 15 26 17 47 24 0  26 35 33 36 42 31 21 18 18 14 19 24 28 27 23 16 29 10 29 40 42 44 20 39 34 56 45 25 9  6  26 47 53 23 12 34 45 40 32 5  16 16 17 
33 19 29 7  20 18 10 7  30 27 25 18 13 20 20 29 17 44 14 30 27 36 40 43 40 10 7  28 14 15 40 30 26 0  11 30 26 26 28 22 44 43 39 30 10 2  25 19 38 38 21 4  17 17 50 46 19 22 31 38 36 28 31 49 30 32 5  13 36 35 36 25 28 22 10 10 
43 30 34 18 30 27 5  5  30 21 15 20 16 9  26 36 22 46 7  37 38 47 49 48 40 14 16 39 24 26 35 33 35 11 0  40 35 17 26 25 54 53 49 34 20 8  35 29 44 40 28 12 7  15 49 55 25 18 20 46 47 39 40 60 20 22 12 24 46 43 45 22 38 33 19 18 
34 24 48 26 10 31 40 35 56 57 55 45 26 47 16 42 39 64 38 12 10 28 46 57 65 38 24 19 16 19 69 53 33 30 40 0  7  56 55 46 42 39 39 50 20 32 6  12 50 60 38 28 47 33 74 50 20 51 56 11 18 26 39 39 60 62 33 28 7  12 7  53 30 17 30 33 
38 26 49 25 7  33 36 30 55 54 50 43 20 42 9  44 39 65 33 6  16 34 50 59 65 36 19 25 13 20 67 53 36 26 35 7  0  52 54 46 48 45 44 51 18 28 10 13 53 60 39 23 42 26 74 54 13 49 50 11 25 30 42 46 55 57 30 28 14 9  10 51 34 20 29 32 
50 41 33 31 46 34 16 22 22 7  8  19 34 17 44 39 26 39 23 55 53 57 52 46 30 20 32 51 40 40 18 28 42 26 17 56 52 0  18 23 60 61 56 31 36 24 51 45 44 33 32 28 12 32 37 57 42 9  23 64 61 49 45 68 5  11 24 34 62 61 62 13 46 46 29 26 
38 34 17 29 47 26 22 29 4  11 25 10 40 32 48 25 16 21 34 58 49 47 37 28 13 17 36 44 40 36 16 10 31 28 26 55 54 18 0  10 46 48 43 15 36 27 49 42 28 15 21 32 25 41 22 42 48 10 40 65 54 40 31 57 22 29 23 28 59 63 62 5  36 41 25 22 
29 24 10 21 39 16 20 25 9  18 29 5  35 32 41 16 6  21 32 50 39 37 29 24 19 11 29 34 32 27 26 8  21 22 25 46 46 23 10 0  37 39 34 9  28 22 40 34 21 16 11 26 25 38 28 34 41 14 42 57 44 30 22 47 28 34 17 18 50 55 53 11 26 31 16 14 
11 25 29 37 43 27 50 51 44 56 64 41 53 64 50 21 34 39 58 54 32 14 11 26 47 41 46 23 41 32 61 37 18 44 54 42 48 60 46 37 0  4  4  32 40 46 38 36 21 39 27 46 58 60 53 10 53 51 74 53 26 18 15 12 65 71 41 30 40 54 48 48 16 28 34 36 
10 24 31 36 40 26 50 50 46 57 64 42 51 63 48 22 34 42 58 51 29 11 14 30 50 41 44 20 38 30 64 39 18 43 53 39 45 61 48 39 4  0  5  34 38 45 35 33 24 42 28 45 58 58 56 14 51 52 74 50 22 16 16 9  66 71 41 29 36 51 44 50 15 25 33 36 
6  21 26 33 39 22 46 46 41 52 60 37 48 59 46 17 30 37 54 50 28 11 10 25 45 36 41 19 36 27 58 34 14 39 49 39 44 56 43 34 4  5  0  29 35 41 34 32 19 37 23 42 54 55 51 11 49 47 70 50 23 14 11 14 61 67 37 26 37 51 45 45 12 24 30 31 
26 26 3  27 44 18 29 34 12 26 38 14 43 41 47 12 12 14 41 56 41 35 22 14 16 20 36 34 38 31 29 5  19 30 34 50 51 31 15 9  32 34 29 0  34 30 43 38 13 10 12 34 35 46 24 27 48 22 51 61 44 29 18 43 36 43 24 22 52 60 57 18 24 33 21 20 
29 14 32 7  11 17 20 15 37 37 35 25 13 29 13 29 22 48 21 22 18 29 39 44 47 18 6  20 4  8  49 36 24 10 20 20 18 36 36 28 40 38 35 34 0  12 15 9  38 43 22 8  27 20 56 44 15 31 39 29 27 22 30 43 40 42 13 12 26 27 26 33 23 14 12 14 
35 21 30 9  22 19 8  5  30 26 23 18 13 18 21 30 18 44 12 31 29 38 42 44 40 10 8  30 16 17 39 31 28 2  8  32 28 24 27 22 46 45 41 30 12 0  27 21 39 38 22 5  15 16 49 48 20 21 29 40 39 30 33 51 28 30 6  15 38 37 37 24 30 24 12 11 
28 17 41 20 7  25 35 30 50 51 50 39 23 43 15 35 33 57 35 16 6  24 41 51 59 32 19 15 11 13 63 47 27 25 35 6  10 51 49 40 38 35 34 43 15 27 0  6  44 53 31 23 42 31 68 45 19 46 52 17 16 20 33 36 55 57 27 21 11 17 13 47 24 11 24 26 
26 13 36 14 7  19 29 25 43 45 44 32 19 38 14 30 27 52 30 19 8  23 37 46 53 25 14 13 6  7  57 41 23 19 29 12 13 45 42 34 36 33 32 38 9  21 6  0  39 48 26 18 36 27 62 42 18 39 48 23 19 18 29 36 49 51 21 15 17 22 19 41 21 8  17 20 
18 26 11 33 46 21 39 43 25 39 50 26 50 53 51 9  21 18 50 59 40 28 10 7  26 30 43 31 41 33 42 18 16 38 44 50 53 44 28 21 21 24 19 13 38 39 44 39 0  18 17 42 47 55 32 14 54 35 63 62 40 25 11 33 49 56 33 26 50 61 57 31 20 33 28 28 
34 36 12 36 53 28 35 41 11 26 41 20 51 47 56 20 21 6  47 66 51 44 28 15 8  27 45 44 47 41 25 7  29 38 40 60 60 33 15 16 39 42 37 10 43 38 53 48 18 0  22 42 40 54 14 32 57 25 55 71 54 39 26 51 37 44 33 32 62 70 67 20 34 43 31 29 
18 14 10 16 32 6  23 26 20 29 36 13 33 37 36 8  6  26 34 44 30 26 21 22 27 13 26 23 26 19 37 15 10 21 28 38 39 32 21 11 27 28 23 12 22 22 31 26 17 22 0  25 31 38 36 26 37 23 48 49 33 19 12 36 37 43 16 10 40 48 45 21 15 21 11 11 
35 21 33 9  18 21 12 7  35 31 27 23 8  20 16 33 21 48 12 26 26 37 44 47 45 15 4  29 12 16 44 35 29 4  12 28 23 28 32 26 46 45 42 34 8  5  23 18 42 42 25 0  19 13 54 49 15 26 30 35 36 30 34 51 32 34 9  16 34 32 33 29 30 22 14 14 
48 36 36 24 37 31 8  12 29 17 8  20 23 7  33 39 25 46 11 44 45 52 52 50 38 17 23 45 31 33 30 33 40 17 7  47 42 12 25 25 58 58 54 35 27 15 42 36 47 40 31 19 0  20 46 58 31 15 16 53 54 44 44 65 13 15 18 29 53 50 52 20 43 39 25 22 
48 34 46 22 24 34 19 12 44 36 26 33 7  16 17 46 34 59 8  27 36 49 57 60 55 26 13 40 21 28 50 46 42 17 15 33 26 32 41 38 60 58 55 46 20 16 31 27 55 54 38 13 20 0  63 63 14 33 23 37 46 42 48 63 33 32 22 30 40 33 36 37 43 34 27 27 
49 51 27 49 67 42 44 51 19 30 45 31 62 53 69 35 34 14 56 79 66 59 42 27 9  39 57 59 60 55 21 20 44 50 49 74 74 37 22 28 53 56 51 24 56 49 68 62 32 14 36 54 46 63 0  45 69 31 60 85 69 53 41 65 40 47 44 46 77 83 81 26 49 58 44 42 
16 30 25 40 49 28 50 52 39 53 63 38 56 64 56 18 33 31 60 61 39 23 5  18 40 40 49 30 46 37 56 32 20 46 55 50 54 57 42 34 10 14 11 27 44 48 45 42 14 32 26 49 58 63 45 0  59 48 74 61 35 24 14 21 62 69 42 32 48 62 56 45 21 34 36 37 
43 29 47 21 12 32 27 20 50 46 39 38 8  30 4  44 36 63 21 13 25 41 54 60 60 30 12 31 13 22 59 50 39 19 25 20 13 42 48 41 53 51 49 48 15 20 19 18 54 57 37 15 31 14 69 59 0  41 37 23 35 35 45 54 45 45 25 27 27 19 22 44 38 25 26 28 
42 34 24 25 42 26 14 21 14 6  15 10 33 22 42 30 17 31 25 52 47 49 43 37 23 14 30 44 36 34 18 19 34 22 18 51 49 9  10 14 51 52 47 22 31 21 46 39 35 25 23 26 15 33 31 48 41 0  30 60 54 41 36 60 14 20 18 27 56 58 58 5  38 40 23 20 
63 50 52 38 46 47 24 24 44 30 15 37 30 10 40 56 42 61 17 50 57 67 69 66 53 34 33 59 42 46 40 49 56 31 20 56 50 23 40 42 74 74 70 51 39 29 52 48 63 55 48 30 16 23 60 74 37 30 0  60 67 59 60 80 20 15 33 44 63 56 60 35 58 53 40 38 
45 35 59 36 18 43 48 41 66 66 61 55 31 53 20 53 50 75 44 10 21 39 58 69 76 47 31 31 25 30 79 64 45 38 46 11 11 64 65 57 53 50 50 61 29 40 17 23 62 71 49 35 53 37 85 61 23 60 60 0  28 37 51 49 67 68 42 38 14 4  5  63 42 28 40 43 
21 20 41 30 23 28 46 43 53 60 61 45 38 57 31 33 38 56 49 31 10 12 33 47 61 40 33 10 25 21 70 49 25 36 47 18 25 61 54 44 26 22 23 44 27 39 16 19 40 54 33 36 54 46 69 35 35 54 67 28 0  15 28 21 65 69 37 27 14 30 23 54 20 14 31 34 
8  8  26 21 25 14 36 35 39 47 51 31 35 48 32 18 24 41 42 36 15 8  20 32 45 28 28 6  22 14 56 33 9  28 39 26 30 49 40 30 18 16 14 29 22 30 20 18 25 39 19 30 44 42 53 24 35 41 59 37 15 0  14 21 53 58 26 15 25 37 32 40 5  10 19 22 
8  16 15 25 36 13 36 38 29 41 49 25 42 49 42 6  19 28 45 48 29 18 9  18 34 26 35 20 32 23 47 23 6  31 40 39 42 45 31 22 15 16 11 18 30 33 33 29 11 26 12 34 44 48 41 14 45 36 60 51 28 14 0  25 50 55 27 18 39 50 46 33 9  22 21 22 
18 29 40 42 42 34 57 56 55 65 72 50 55 70 50 31 42 51 63 51 30 13 23 38 59 48 49 22 42 35 72 48 26 49 60 39 46 68 57 47 12 9  14 43 43 51 36 36 33 51 36 51 65 63 65 21 54 60 80 49 21 21 25 0  73 79 47 36 35 51 44 58 22 29 40 43 
55 46 38 35 50 39 20 25 26 10 7  24 37 17 47 44 31 43 25 58 57 61 57 50 33 25 36 56 44 44 19 32 47 30 20 60 55 5  22 28 65 66 61 36 40 28 55 49 49 37 37 32 13 33 40 62 45 14 20 67 65 53 50 73 0  7  28 38 66 64 65 18 51 50 34 31 
61 50 45 38 52 44 23 27 33 18 7  30 37 15 48 50 36 50 24 58 60 66 63 57 40 30 38 60 46 48 26 39 53 32 22 62 57 11 29 34 71 71 67 43 42 30 57 51 56 44 43 34 15 32 47 69 45 20 15 68 69 58 55 79 7  0  32 43 68 64 67 25 56 54 38 36 
30 18 24 7  24 14 9  10 25 24 25 13 18 22 24 24 12 38 18 35 29 34 36 38 35 5  12 27 17 16 36 25 23 5  12 33 30 24 23 17 41 41 37 24 13 6  27 21 33 33 16 9  18 22 44 42 25 18 33 42 37 26 27 47 28 32 0  11 38 39 39 20 25 22 7  5  
19 7  20 7  21 5  20 20 28 33 36 18 24 33 25 17 12 37 28 33 20 23 27 32 37 13 17 17 15 8  43 25 12 13 24 28 28 34 28 18 30 29 26 22 12 15 21 15 26 32 10 16 29 30 46 32 27 27 44 38 27 15 18 36 38 43 11 0  31 37 35 27 14 13 4  7  
33 26 50 31 16 34 46 41 60 62 61 49 33 54 23 43 43 66 45 18 10 25 45 58 68 42 30 19 22 23 74 56 34 36 46 7  14 62 59 50 40 36 37 52 26 38 11 17 50 62 40 34 53 40 77 48 27 56 63 14 14 25 39 35 66 68 38 31 0  16 9  57 30 18 34 37 
46 34 58 34 16 42 44 38 64 63 58 53 27 49 16 53 48 74 40 6  22 40 58 68 74 45 28 32 22 29 76 62 45 35 43 12 9  61 63 55 54 51 51 60 27 37 17 22 61 70 48 32 50 33 83 62 19 58 56 4  30 37 50 51 64 64 39 37 16 0  7  60 42 28 38 41 
40 31 55 33 15 38 45 40 63 63 60 51 30 52 19 49 46 71 43 11 17 33 53 64 72 44 29 26 22 26 76 60 40 36 45 7  10 62 62 53 48 44 45 57 26 37 13 19 57 67 45 33 52 36 81 56 22 58 60 5  23 32 46 44 65 67 39 35 9  7  0  60 37 24 37 39 
40 34 20 26 44 26 18 25 9  7  20 9  36 27 45 27 16 26 29 55 47 47 40 32 18 15 32 44 38 34 16 14 32 25 22 53 51 13 5  11 48 50 45 18 33 24 47 41 31 20 21 29 20 37 26 45 44 5  35 63 54 40 33 58 18 25 20 27 57 60 60 0  36 40 23 20 
5  9  21 21 28 11 34 35 35 43 49 28 36 48 35 13 20 36 42 40 20 11 16 27 41 26 29 11 25 16 52 29 5  28 38 30 34 46 36 26 16 15 12 24 23 30 24 21 20 34 15 30 43 43 49 21 38 38 58 42 20 5  9  22 51 56 25 14 30 42 37 36 0  13 18 20 
18 7  31 15 15 15 31 29 41 46 47 31 26 43 22 24 25 47 35 26 8  15 30 40 49 26 20 6  13 6  56 37 16 22 33 17 20 46 41 31 28 25 24 33 14 24 11 8  33 43 21 22 39 34 58 34 25 40 53 28 14 10 22 29 50 54 22 13 18 28 24 40 13 0  17 20 
23 11 20 5  22 7  16 17 26 29 31 14 22 29 25 19 9  36 24 34 24 27 30 33 35 9  15 21 16 11 40 24 16 10 19 30 29 29 25 16 34 33 30 21 12 12 24 17 28 31 11 14 25 27 44 36 26 23 40 40 31 19 21 40 34 38 7  4  34 38 37 23 18 17 0  3  
25 14 19 7  25 9  14 15 23 26 29 12 22 27 27 19 8  34 23 36 27 30 31 33 33 6  16 24 18 14 37 22 17 10 18 33 32 26 22 14 36 36 31 20 14 11 26 20 28 29 11 14 22 27 42 37 28 20 38 43 34 22 22 43 31 36 5  7  37 41 39 20 20 20 3  0  
------------------cost task1--------------------------------------------------------------------------------------------------------------------------
1749 1462 1749 1462 1749 1462 1749 1462 1749 1462 1749 1462 1749 1462 1749 1462 1749 1462 1749 1462 1749 1462 1749 1462 1749 1462 1749 1462 1749 1462 1749 1462 1749 1462 1749 1462 1749 1462 1749 1462 1749 1462 1749 1462 1749 1462 1749 1462 1749 1462 1749 1462 1749 1462 1749 1462 1749 1462 1749 1462 1749 1462 1749 1462 1749 1462 1749 1462 1749 1462 1749 1462 1749 1462 1749 1462 1749 1462 1749 1462 1749 1462 1749 1462 1749 1462 1749 1462 1749 1462 1749 1462 1749 1462 1749 1462 1749 1462 1749 1462 
-------------------cost task2-------------------------------------------------------------------------------------------------------------------------
990 1167 990 1167 990 1167 990 1167 990 1167 990 1167 990 1167 990 1167 990 1167 990 1167 990 1167 990 1167 990 1167 990 1167 990 1167 990 1167 990 1167 990 1167 990 1167 990 1167 990 1167 990 1167 990 1167 990 1167 990 1167 990 1167 990 1167 990 1167 990 1167 990 1167 990 1167 990 1167 990 1167 990 1167 990 1167 990 1167 990 1167 990 1167 990 1167 990 1167 990 1167 990 1167 990 1167 990 1167 990 1167 990 1167 990 1167 990 1167 990 1167 990 1167 
-------------------rank task1-------------------------------------------------------------------------------------------------------------------------
51 1 52 2 53 3 54 4 55 5 56 6 57 7 58 8 59 9 60 10 61 11 62 12 63 13 64 14 65 15 66 16 67 17 68 18 69 19 70 20 71 21 72 22 73 23 74 24 75 25 76 26 77 27 78 28 79 29 80 30 81 31 82 32 83 33 84 34 85 35 86 36 87 37 88 38 89 39 90 40 91 41 92 42 93 43 94 44 95 45 96 46 97 47 98 48 99 49 100 50 
-------------------rank task2-------------------------------------------------------------------------------------------------------------------------
1 51 2 52 3 53 4 54 5 55 6 56 7 57 8 58 9 59 10 60 11 61 12 62 13 63 14 64 15 65 16 66 17 67 18 68 19 69 20 70 21 71 22 72 23 73 24 74 25 75 26 76 27 77 28 78 29 79 30 80 31 81 32 82 33 83 34 84 35 85 36 86 37 87 38 88 39 89 40 90 41 91 42 92 43 93 44 94 45 95 46 96 47 97 48 98 49 99 50 100 
-------------------skill factor-------------------------------------------------------------------------------------------------------------------------
2 1 2 1 2 1 2 1 2 1 2 1 2 1 2 1 2 1 2 1 2 1 2 1 2 1 2 1 2 1 2 1 2 1 2 1 2 1 2 1 2 1 2 1 2 1 2 1 2 1 2 1 2 1 2 1 2 1 2 1 2 1 2 1 2 1 2 1 2 1 2 1 2 1 2 1 2 1 2 1 2 1 2 1 2 1 2 1 2 1 2 1 2 1 2 1 2 1 2 1 
--------------------scalar fitness------------------------------------------------------------------------------------------------------------------------
1.00 1.00 0.50 0.50 0.33 0.33 0.25 0.25 0.20 0.20 0.17 0.17 0.14 0.14 0.12 0.12 0.11 0.11 0.10 0.10 0.09 0.09 0.08 0.08 0.08 0.08 0.07 0.07 0.07 0.07 0.06 0.06 0.06 0.06 0.06 0.06 0.05 0.05 0.05 0.05 0.05 0.05 0.05 0.05 0.04 0.04 0.04 0.04 0.04 0.04 0.04 0.04 0.04 0.04 0.04 0.04 0.03 0.03 0.03 0.03 0.03 0.03 0.03 0.03 0.03 0.03 0.03 0.03 0.03 0.03 0.03 0.03 0.03 0.03 0.03 0.03 0.03 0.03 0.03 0.03 0.02 0.02 0.02 0.02 0.02 0.02 0.02 0.02 0.02 0.02 0.02 0.02 0.02 0.02 0.02 0.02 0.02 0.02 0.02 0.02 
-------------------divergent------------------------------------------------------------------------------------------------------------------------
0 17 27 21 18 20 18 18 18 18 18 16 14 14 13 16 18 18 18 23 22 18 17 16 18 23 22 22 22 19 19 19 15 13 11 17 17 18 17 12 12 13 15 11 15 11 13 10 9 8 8 7 8 6 5 6 4 3 3 6 6 4 3 1 1 1 2 3 3 4 3 4 5 2 3 3 2 2 1 1 0 1 1 1 1 1 0 0 0 1 0 0 0 0 0 0 0 0 0 0 0 0 0 0 0 0 0 0 0 0 0 0 0 0 0 0 0 0 0 0 0 0 0 0 0 0 0 0 0 0 0 0 0 0 0 0 0 0 0 0 0 0 0 0 0 0 0 0 0 0 0 0 0 0 0 0 0 0 0 0 0 0 0 0 0 0 0 0 0 0 0 0 0 0 0 0 0 0 0 0 0 0 0 0 0 0 0 0 0 0 0 0 0 0 0 0 0 0 0 0 0 0 0 0 0 0 0 0 0 0 0 0 0 0 0 0 0 0 0 0 0 0 0 0 0 0 0 0 0 0 0 0 0 0 0 0 0 0 0 0 0 0 0 0 0 0 0 0 0 0 0 0 0 0 0 0 0 0 0 0 0 0 0 0 0 0 0 0 0 0 0 0 0 0 0 0 0 0 0 0 0 0 0 0 0 0 0 0 0 0 0 0 0 0 0 0 0 0 0 0 0 0 0 0 0 0 0 0 0 0 0 0 0 0 0 0 0 0 0 0 0 0 0 0 0 0 0 0 0 0 0 0 0 0 0 0 0 0 0 0 0 0 0 0 0 0 0 0 0 0 0 0 0 0 0 0 0 0 0 0 0 0 0 0 0 0 0 0 0 0 0 0 0 0 0 0 0 0 0 0 0 0 0 0 0 0 0 0 0 0 0 0 0 0 0 0 0 0 0 0 0 0 0 0 0 0 0 0 0 0 0 0 0 0 0 0 0 0 0 0 0 0 0 0 0 0 0 0 0 0 0 0 0 0 0 0 0 0 0 0 0 0 0 0 0 0 0 0 0 0 0 0 0 0 0 0 0 0 0 0 0 0 0 0 0 0 0 0 0 0 0 0 0 0 0 0 0 0 0 0 0 0 0 0 0 0 0 0 0 0 0 0 0 0 0 0 0 0 0 0 
-------------------lamda------------------------------------------------------------------------------------------------------------------------
0.00 1.00 0.78 0.86 1.00 0.90 1.00 1.00 1.00 1.00 0.89 0.88 1.00 0.93 1.00 1.00 1.00 1.00 1.00 0.96 0.82 0.94 0.94 1.00 1.00 0.96 1.00 1.00 0.86 1.00 1.00 0.79 0.87 0.85 1.00 1.00 1.00 0.94 0.71 1.00 1.00 1.00 0.73 1.00 0.73 1.00 0.77 0.90 0.89 1.00 0.88 1.00 0.75 0.83 1.00 0.67 0.75 1.00 1.00 1.00 0.67 0.75 0.33 1.00 1.00 1.00 1.00 1.00 1.00 0.75 1.00 1.00 0.40 1.00 1.00 0.67 1.00 0.50 1.00 0.00 0.00 1.00 1.00 1.00 1.00 0.00 0.00 0.00 0.00 0.00 0.00 0.00 0.00 0.00 0.00 0.00 0.00 0.00 0.00 0.00 0.00 0.00 0.00 0.00 0.00 0.00 0.00 0.00 0.00 0.00 0.00 0.00 0.00 0.00 0.00 0.00 0.00 0.00 0.00 0.00 0.00 0.00 0.00 0.00 0.00 0.00 0.00 0.00 0.00 0.00 0.00 0.00 0.00 0.00 0.00 0.00 0.00 0.00 0.00 0.00 0.00 0.00 0.00 0.00 0.00 0.00 0.00 0.00 0.00 0.00 0.00 0.00 0.00 0.00 0.00 0.00 0.00 0.00 0.00 0.00 0.00 0.00 0.00 0.00 0.00 0.00 0.00 0.00 0.00 0.00 0.00 0.00 0.00 0.00 0.00 0.00 0.00 0.00 0.00 0.00 0.00 0.00 0.00 0.00 0.00 0.00 0.00 0.00 0.00 0.00 0.00 0.00 0.00 0.00 0.00 0.00 0.00 0.00 0.00 0.00 0.00 0.00 0.00 0.00 0.00 0.00 0.00 0.00 0.00 0.00 0.00 0.00 0.00 0.00 0.00 0.00 0.00 0.00 0.00 0.00 0.00 0.00 0.00 0.00 0.00 0.00 0.00 0.00 0.00 0.00 0.00 0.00 0.00 0.00 0.00 0.00 0.00 0.00 0.00 0.00 0.00 0.00 0.00 0.00 0.00 0.00 0.00 0.00 0.00 0.00 0.00 0.00 0.00 0.00 0.00 0.00 0.00 0.00 0.00 0.00 0.00 0.00 0.00 0.00 0.00 0.00 0.00 0.00 0.00 0.00 0.00 0.00 0.00 0.00 0.00 0.00 0.00 0.00 0.00 0.00 0.00 0.00 0.00 0.00 0.00 0.00 0.00 0.00 0.00 0.00 0.00 0.00 0.00 0.00 0.00 0.00 0.00 0.00 0.00 0.00 0.00 0.00 0.00 0.00 0.00 0.00 0.00 0.00 0.00 0.00 0.00 0.00 0.00 0.00 0.00 0.00 0.00 0.00 0.00 0.00 0.00 0.00 0.00 0.00 0.00 0.00 0.00 0.00 0.00 0.00 0.00 0.00 0.00 0.00 0.00 0.00 0.00 0.00 0.00 0.00 0.00 0.00 0.00 0.00 0.00 0.00 0.00 0.00 0.00 0.00 0.00 0.00 0.00 0.00 0.00 0.00 0.00 0.00 0.00 0.00 0.00 0.00 0.00 0.00 0.00 0.00 0.00 0.00 0.00 0.00 0.00 0.00 0.00 0.00 0.00 0.00 0.00 0.00 0.00 0.00 0.00 0.00 0.00 0.00 0.00 0.00 0.00 0.00 0.00 0.00 0.00 0.00 0.00 0.00 0.00 0.00 0.00 0.00 0.00 0.00 0.00 0.00 0.00 0.00 0.00 0.00 0.00 0.00 0.00 0.00 0.00 0.00 0.00 0.00 0.00 0.00 0.00 0.00 0.00 0.00 0.00 0.00 0.00 0.00 0.00 0.00 0.00 0.00 0.00 0.00 0.00 0.00 0.00 0.00 0.00 0.00 0.00 0.00 0.00 0.00 0.00 0.00 0.00 0.00 0.00 0.00 0.00 0.00 0.00 0.00 0.00 0.00 0.00 0.00 0.00 0.00 0.00 0.00 0.00 0.00 0.00 0.00 0.00 0.00 0.00 0.00 0.00 0.00 0.00 0.00 0.00 0.00 0.00 0.00 0.00 0.00 0.00 0.00 0.00 0.00 0.00 0.00 0.00 0.00 0.00 0.00 0.00 0.00 0.00 0.00 0.00 0.00 0.00 0.00 0.00 0.00 0.00 0.00 0.00 0.00 
